 
   335.000000000000    25.000000000000     4.000000000000   500.000000000000     5.000000000000     3.000000000000    20.000000000000     4.000000000000  2000.000000000000     0.001000000047     6.000000000000    90.000000000000     0.004999999888     0.000010000000     0.014510769397     1.000000000000     0.002017065883
    25.000000000000    25.000000000000     4.000000000000   500.000000000000     5.000000000000     3.000000000000    20.000000000000     4.000000000000  2000.000000000000     0.001000000047     6.000000000000    90.000000000000     0.004999999888     0.000010000000    -0.027978463098     1.000000000000     0.000036568330
    25.000000000000    25.000000000000     6.000000000000   500.000000000000     5.000000000000     3.000000000000    20.000000000000     4.000000000000  2000.000000000000     0.001000000047     6.000000000000    90.000000000000     0.004999999888     0.000010000000    -0.046630769968     1.000000000000     0.000008226053
    25.000000000000    25.000000000000     8.000000000000   500.000000000000     5.000000000000     3.000000000000    20.000000000000     4.000000000000  2000.000000000000     0.001000000047     6.000000000000    90.000000000000     0.004999999888     0.000010000000    -0.065283074975     1.000000000000     0.000019252344
   310.000000000000    50.000000000000     4.000000000000   500.000000000000     5.000000000000     3.000000000000    20.000000000000     4.000000000000  2000.000000000000     0.001000000047     6.000000000000    90.000000000000     0.004999999888     0.000010000000     0.022747389972     1.000000000000     0.390066385269
   310.000000000000    50.000000000000     4.000000000000  1000.000000000000     5.000000000000     3.000000000000    20.000000000000     4.000000000000  2000.000000000000     0.001000000047     6.000000000000    90.000000000000     0.004999999888     0.000010000000     0.022747389972     1.000000000000     0.249209836125
   310.000000000000    50.000000000000     6.000000000000  1000.000000000000     5.000000000000     3.000000000000    20.000000000000     4.000000000000  2000.000000000000     0.001000000047     6.000000000000    90.000000000000     0.004999999888     0.000010000000     0.023912325501     1.000000000000    15.670543670654
   335.000000000000    25.000000000000     4.000000000000  1500.000000000000     5.000000000000     3.000000000000    20.000000000000     4.000000000000  2000.000000000000     0.001000000047     6.000000000000    90.000000000000     0.004999999888     0.000010000000     0.014510769397     1.000000000000     0.552622675896
   335.000000000000    25.000000000000     6.000000000000  1500.000000000000     5.000000000000     3.000000000000    20.000000000000     4.000000000000  2000.000000000000     0.001000000047     6.000000000000    90.000000000000     0.004999999888     0.000010000000     0.015184614807     1.000000000000    23.088689804077
    50.000000000000    50.000000000000     4.000000000000  1500.000000000000     5.000000000000     3.000000000000    20.000000000000     4.000000000000  2000.000000000000     0.001000000047     6.000000000000    90.000000000000     0.004999999888     0.000010000000    -0.071505218744     1.000000000000     0.003447455121
    25.000000000000    25.000000000000     4.000000000000  2000.000000000000     5.000000000000     3.000000000000    20.000000000000     4.000000000000  2000.000000000000     0.001000000047     6.000000000000    90.000000000000     0.004999999888     0.000010000000    -0.027978463098     1.000000000000     0.023485109210
    25.000000000000    25.000000000000     6.000000000000  2000.000000000000     5.000000000000     3.000000000000    20.000000000000     4.000000000000  2000.000000000000     0.001000000047     6.000000000000    90.000000000000     0.004999999888     0.000010000000    -0.046630769968     1.000000000000     0.011997255497
    25.000000000000    25.000000000000     8.000000000000  2000.000000000000     5.000000000000     3.000000000000    20.000000000000     4.000000000000  2000.000000000000     0.001000000047     6.000000000000    90.000000000000     0.004999999888     0.000010000000    -0.065283074975     1.000000000000     0.012132813223
    25.000000000000    25.000000000000    10.000000000000  2000.000000000000     5.000000000000     3.000000000000    20.000000000000     4.000000000000  2000.000000000000     0.001000000047     6.000000000000    90.000000000000     0.004999999888     0.000010000000    -0.083935394883     1.000000000000     0.015763727948
    25.000000000000    25.000000000000     4.000000000000  2000.000000000000     5.000000000000     4.000000000000    20.000000000000     4.000000000000  2000.000000000000     0.001000000047     6.000000000000    90.000000000000     0.004999999888     0.000010000000    -0.027978463098     1.000000000000     0.018730122596
    25.000000000000    25.000000000000     4.000000000000   500.000000000000    10.000000000000     3.000000000000    20.000000000000     4.000000000000  2000.000000000000     0.001000000047     6.000000000000    90.000000000000     0.004999999888     0.000010000000    -0.027978463098     1.000000000000     0.000072898001
    25.000000000000    25.000000000000     6.000000000000   500.000000000000    10.000000000000     3.000000000000    20.000000000000     4.000000000000  2000.000000000000     0.001000000047     6.000000000000    90.000000000000     0.004999999888     0.000010000000    -0.046630769968     1.000000000000     0.000027981263
    25.000000000000    25.000000000000     8.000000000000   500.000000000000    10.000000000000     3.000000000000    20.000000000000     4.000000000000  2000.000000000000     0.001000000047     6.000000000000    90.000000000000     0.004999999888     0.000010000000    -0.065283074975     1.000000000000     0.000017896227
    25.000000000000    25.000000000000    10.000000000000   500.000000000000    10.000000000000     3.000000000000    20.000000000000     4.000000000000  2000.000000000000     0.001000000047     6.000000000000    90.000000000000     0.004999999888     0.000010000000    -0.083935394883     1.000000000000     0.000035933139
    25.000000000000    25.000000000000     4.000000000000   500.000000000000    10.000000000000     4.000000000000    20.000000000000     4.000000000000  2000.000000000000     0.001000000047     6.000000000000    90.000000000000     0.004999999888     0.000010000000    -0.027978463098     1.000000000000     0.000037919654
    25.000000000000    25.000000000000     4.000000000000  1000.000000000000    10.000000000000     3.000000000000    20.000000000000     4.000000000000  2000.000000000000     0.001000000047     6.000000000000    90.000000000000     0.004999999888     0.000010000000    -0.027978463098     1.000000000000     0.000880435924
    50.000000000000    50.000000000000     4.000000000000  1000.000000000000    10.000000000000     3.000000000000    20.000000000000     4.000000000000  2000.000000000000     0.001000000047     6.000000000000    90.000000000000     0.004999999888     0.000010000000    -0.071505218744     1.000000000000     0.000472602696
   335.000000000000    25.000000000000     4.000000000000  1500.000000000000    10.000000000000     3.000000000000    20.000000000000     4.000000000000  2000.000000000000     0.001000000047     6.000000000000    90.000000000000     0.004999999888     0.000010000000     0.014510769397     1.000000000000     0.000000000000
    50.000000000000    50.000000000000     4.000000000000  1500.000000000000    10.000000000000     3.000000000000    20.000000000000     4.000000000000  2000.000000000000     0.001000000047     6.000000000000    90.000000000000     0.004999999888     0.000010000000    -0.071505218744     1.000000000000     0.003554899478
    50.000000000000    50.000000000000     6.000000000000  1500.000000000000    10.000000000000     3.000000000000    20.000000000000     4.000000000000  2000.000000000000     0.001000000047     6.000000000000    90.000000000000     0.004999999888     0.000010000000    -0.119175344706     1.000000000000     0.003486369736
    25.000000000000    25.000000000000     4.000000000000  2000.000000000000    10.000000000000     3.000000000000    20.000000000000     4.000000000000  2000.000000000000     0.001000000047     6.000000000000    90.000000000000     0.004999999888     0.000010000000    -0.027978463098     1.000000000000     0.015781063586
    25.000000000000    25.000000000000     4.000000000000   500.000000000000    15.000000000000     3.000000000000    20.000000000000     4.000000000000  2000.000000000000     0.001000000047     6.000000000000    90.000000000000     0.004999999888     0.000010000000    -0.027978463098     1.000000000000     0.000026612861
    50.000000000000    50.000000000000     4.000000000000   500.000000000000    15.000000000000     3.000000000000    20.000000000000     4.000000000000  2000.000000000000     0.001000000047     6.000000000000    90.000000000000     0.004999999888     0.000010000000    -0.071505218744     1.000000000000     0.000000665097
    25.000000000000    25.000000000000     4.000000000000  1000.000000000000    15.000000000000     3.000000000000    20.000000000000     4.000000000000  2000.000000000000     0.001000000047     6.000000000000    90.000000000000     0.004999999888     0.000010000000    -0.027978463098     1.000000000000     0.001273712842
    25.000000000000    25.000000000000     6.000000000000  1000.000000000000    15.000000000000     3.000000000000    20.000000000000     4.000000000000  2000.000000000000     0.001000000047     6.000000000000    90.000000000000     0.004999999888     0.000010000000    -0.046630769968     1.000000000000     0.001155340346
    25.000000000000    25.000000000000     8.000000000000  1000.000000000000    15.000000000000     3.000000000000    20.000000000000     4.000000000000  2000.000000000000     0.001000000047     6.000000000000    90.000000000000     0.004999999888     0.000010000000    -0.065283074975     1.000000000000     0.000961081940
    25.000000000000    25.000000000000    10.000000000000  1000.000000000000    15.000000000000     3.000000000000    20.000000000000     4.000000000000  2000.000000000000     0.001000000047     6.000000000000    90.000000000000     0.004999999888     0.000010000000    -0.083935394883     1.000000000000     0.001138334163
    25.000000000000    25.000000000000     4.000000000000  1000.000000000000    15.000000000000     4.000000000000    20.000000000000     4.000000000000  2000.000000000000     0.001000000047     6.000000000000    90.000000000000     0.004999999888     0.000010000000    -0.027978463098     1.000000000000     0.000653033494
    25.000000000000    25.000000000000     4.000000000000  1500.000000000000    15.000000000000     3.000000000000    20.000000000000     4.000000000000  2000.000000000000     0.001000000047     6.000000000000    90.000000000000     0.004999999888     0.000010000000    -0.027978463098     1.000000000000     0.006525110919
    50.000000000000    50.000000000000     4.000000000000  1500.000000000000    15.000000000000     3.000000000000    20.000000000000     4.000000000000  2000.000000000000     0.001000000047     6.000000000000    90.000000000000     0.004999999888     0.000010000000    -0.071505218744     1.000000000000     0.003659158945
    50.000000000000    50.000000000000     6.000000000000  1500.000000000000    15.000000000000     3.000000000000    20.000000000000     4.000000000000  2000.000000000000     0.001000000047     6.000000000000    90.000000000000     0.004999999888     0.000010000000    -0.119175344706     1.000000000000     0.003957184963
    50.000000000000    50.000000000000     8.000000000000  1500.000000000000    15.000000000000     3.000000000000    20.000000000000     4.000000000000  2000.000000000000     0.001000000047     6.000000000000    90.000000000000     0.004999999888     0.000010000000    -0.166845500469     1.000000000000     0.004098745994
    50.000000000000    50.000000000000    10.000000000000  1500.000000000000    15.000000000000     3.000000000000    20.000000000000     4.000000000000  2000.000000000000     0.001000000047     6.000000000000    90.000000000000     0.004999999888     0.000010000000    -0.214515626431     1.000000000000     0.005356797483
    25.000000000000    25.000000000000     4.000000000000  2000.000000000000    15.000000000000     3.000000000000    20.000000000000     4.000000000000  2000.000000000000     0.001000000047     6.000000000000    90.000000000000     0.004999999888     0.000010000000    -0.027978463098     1.000000000000     0.016038054600
    25.000000000000    25.000000000000     6.000000000000  2000.000000000000    15.000000000000     3.000000000000    20.000000000000     4.000000000000  2000.000000000000     0.001000000047     6.000000000000    90.000000000000     0.004999999888     0.000010000000    -0.046630769968     1.000000000000     0.022631121799
    25.000000000000    25.000000000000     8.000000000000  2000.000000000000    15.000000000000     3.000000000000    20.000000000000     4.000000000000  2000.000000000000     0.001000000047     6.000000000000    90.000000000000     0.004999999888     0.000010000000    -0.065283074975     1.000000000000     0.020869487897
    25.000000000000    25.000000000000    10.000000000000  2000.000000000000    15.000000000000     3.000000000000    20.000000000000     4.000000000000  2000.000000000000     0.001000000047     6.000000000000    90.000000000000     0.004999999888     0.000010000000    -0.083935394883     1.000000000000     0.017355363816
    25.000000000000    25.000000000000     4.000000000000  2000.000000000000    15.000000000000     4.000000000000    20.000000000000     4.000000000000  2000.000000000000     0.001000000047     6.000000000000    90.000000000000     0.004999999888     0.000010000000    -0.027978463098     1.000000000000     0.021746212617
    25.000000000000    25.000000000000     4.000000000000   500.000000000000    20.000000000000     3.000000000000    20.000000000000     4.000000000000  2000.000000000000     0.001000000047     6.000000000000    90.000000000000     0.004999999888     0.000010000000    -0.027978463098     1.000000000000     0.000046104949
    25.000000000000    25.000000000000     6.000000000000   500.000000000000    20.000000000000     3.000000000000    20.000000000000     4.000000000000  2000.000000000000     0.001000000047     6.000000000000    90.000000000000     0.004999999888     0.000010000000    -0.046630769968     1.000000000000     0.000025032297
    25.000000000000    25.000000000000     8.000000000000   500.000000000000    20.000000000000     3.000000000000    20.000000000000     4.000000000000  2000.000000000000     0.001000000047     6.000000000000    90.000000000000     0.004999999888     0.000010000000    -0.065283074975     1.000000000000     0.000016979702
    25.000000000000    25.000000000000     4.000000000000  1000.000000000000    20.000000000000     3.000000000000    20.000000000000     4.000000000000  2000.000000000000     0.001000000047     6.000000000000    90.000000000000     0.004999999888     0.000010000000    -0.027978463098     1.000000000000     0.001420784160
    50.000000000000    50.000000000000     4.000000000000  1000.000000000000    20.000000000000     3.000000000000    20.000000000000     4.000000000000  2000.000000000000     0.001000000047     6.000000000000    90.000000000000     0.004999999888     0.000010000000    -0.071505218744     1.000000000000     0.000441700860
    50.000000000000    50.000000000000     6.000000000000  1000.000000000000    20.000000000000     3.000000000000    20.000000000000     4.000000000000  2000.000000000000     0.001000000047     6.000000000000    90.000000000000     0.004999999888     0.000010000000    -0.119175344706     1.000000000000     0.000390713831
    50.000000000000    50.000000000000     8.000000000000  1000.000000000000    20.000000000000     3.000000000000    20.000000000000     4.000000000000  2000.000000000000     0.001000000047     6.000000000000    90.000000000000     0.004999999888     0.000010000000    -0.166845500469     1.000000000000     0.000494129956
    50.000000000000    50.000000000000    10.000000000000  1000.000000000000    20.000000000000     3.000000000000    20.000000000000     4.000000000000  2000.000000000000     0.001000000047     6.000000000000    90.000000000000     0.004999999888     0.000010000000    -0.214515626431     1.000000000000     0.000412971131
    50.000000000000    50.000000000000     4.000000000000  1000.000000000000    20.000000000000     4.000000000000    20.000000000000     4.000000000000  2000.000000000000     0.001000000047     6.000000000000    90.000000000000     0.004999999888     0.000010000000    -0.071505218744     1.000000000000     0.000355809403
    50.000000000000    50.000000000000     6.000000000000  1000.000000000000    20.000000000000     4.000000000000    20.000000000000     4.000000000000  2000.000000000000     0.001000000047     6.000000000000    90.000000000000     0.004999999888     0.000010000000    -0.119175359607     1.000000000000     0.000543373928
    25.000000000000    25.000000000000     4.000000000000  1500.000000000000    20.000000000000     3.000000000000    20.000000000000     4.000000000000  2000.000000000000     0.001000000047     6.000000000000    90.000000000000     0.004999999888     0.000010000000    -0.027978463098     1.000000000000     0.007335630246
    50.000000000000    50.000000000000     4.000000000000  1500.000000000000    20.000000000000     3.000000000000    20.000000000000     4.000000000000  2000.000000000000     0.001000000047     6.000000000000    90.000000000000     0.004999999888     0.000010000000    -0.071505218744     1.000000000000     0.004170862027
