 
   310.000000000000    50.000000000000     4.000000000000   500.000000000000     5.000000000000     3.000000000000    20.000000000000     4.000000000000  3000.000000000000     0.001000000047     9.000000000000    90.000000000000     0.004999999888     0.000010000000     0.022747389972     1.000000000000     0.489049941301
   310.000000000000    50.000000000000     6.000000000000   500.000000000000     5.000000000000     3.000000000000    20.000000000000     4.000000000000  3000.000000000000     0.001000000047     9.000000000000    90.000000000000     0.004999999888     0.000010000000     0.023912325501     1.000000000000     0.439031243324
   310.000000000000    50.000000000000     4.000000000000  1000.000000000000     5.000000000000     3.000000000000    20.000000000000     4.000000000000  3000.000000000000     0.001000000047     9.000000000000    90.000000000000     0.004999999888     0.000010000000     0.022747389972     1.000000000000     0.000000000000
   310.000000000000    50.000000000000     6.000000000000  1000.000000000000     5.000000000000     3.000000000000    20.000000000000     4.000000000000  3000.000000000000     0.001000000047     9.000000000000    90.000000000000     0.004999999888     0.000010000000     0.023912325501     1.000000000000     0.000000000000
    50.000000000000    50.000000000000     4.000000000000  1000.000000000000     5.000000000000     3.000000000000    20.000000000000     4.000000000000  3000.000000000000     0.001000000047     9.000000000000    90.000000000000     0.004999999888     0.000010000000    -0.071505218744     1.000000000000     0.000128830885
    50.000000000000    50.000000000000     6.000000000000  1000.000000000000     5.000000000000     3.000000000000    20.000000000000     4.000000000000  3000.000000000000     0.001000000047     9.000000000000    90.000000000000     0.004999999888     0.000010000000    -0.119175344706     1.000000000000     0.000118881086
   335.000000000000    25.000000000000     4.000000000000  1500.000000000000     5.000000000000     3.000000000000    20.000000000000     4.000000000000  3000.000000000000     0.001000000047     9.000000000000    90.000000000000     0.004999999888     0.000010000000     0.014510769397     1.000000000000    19.312374114990
   335.000000000000    25.000000000000     6.000000000000  1500.000000000000     5.000000000000     3.000000000000    20.000000000000     4.000000000000  3000.000000000000     0.001000000047     9.000000000000    90.000000000000     0.004999999888     0.000010000000     0.015184614807     1.000000000000    16.374298095703
    50.000000000000    50.000000000000     4.000000000000  1500.000000000000     5.000000000000     3.000000000000    20.000000000000     4.000000000000  3000.000000000000     0.001000000047     9.000000000000    90.000000000000     0.004999999888     0.000010000000    -0.071505218744     1.000000000000     0.001583138364
    50.000000000000    50.000000000000     6.000000000000  1500.000000000000     5.000000000000     3.000000000000    20.000000000000     4.000000000000  3000.000000000000     0.001000000047     9.000000000000    90.000000000000     0.004999999888     0.000010000000    -0.119175344706     1.000000000000     0.001318257884
    50.000000000000    50.000000000000     8.000000000000  1500.000000000000     5.000000000000     3.000000000000    20.000000000000     4.000000000000  3000.000000000000     0.001000000047     9.000000000000    90.000000000000     0.004999999888     0.000010000000    -0.166845500469     1.000000000000     0.001542116050
    25.000000000000    25.000000000000     4.000000000000  2000.000000000000     5.000000000000     3.000000000000    20.000000000000     4.000000000000  3000.000000000000     0.001000000047     9.000000000000    90.000000000000     0.004999999888     0.000010000000    -0.027978463098     1.000000000000     0.008294245228
    25.000000000000    25.000000000000     6.000000000000  2000.000000000000     5.000000000000     3.000000000000    20.000000000000     4.000000000000  3000.000000000000     0.001000000047     9.000000000000    90.000000000000     0.004999999888     0.000010000000    -0.046630769968     1.000000000000     0.006500091404
    25.000000000000    25.000000000000     4.000000000000   500.000000000000    10.000000000000     3.000000000000    20.000000000000     4.000000000000  3000.000000000000     0.001000000047     9.000000000000    90.000000000000     0.004999999888     0.000010000000    -0.027978463098     1.000000000000     0.000019810659
    25.000000000000    25.000000000000     6.000000000000   500.000000000000    10.000000000000     3.000000000000    20.000000000000     4.000000000000  3000.000000000000     0.001000000047     9.000000000000    90.000000000000     0.004999999888     0.000010000000    -0.046630769968     1.000000000000     0.000029467728
    25.000000000000    25.000000000000     8.000000000000   500.000000000000    10.000000000000     3.000000000000    20.000000000000     4.000000000000  3000.000000000000     0.001000000047     9.000000000000    90.000000000000     0.004999999888     0.000010000000    -0.065283074975     1.000000000000     0.000007721945
    50.000000000000    50.000000000000     4.000000000000  1000.000000000000    10.000000000000     3.000000000000    20.000000000000     4.000000000000  3000.000000000000     0.001000000047     9.000000000000    90.000000000000     0.004999999888     0.000010000000    -0.071505218744     1.000000000000     0.000112109592
    50.000000000000    50.000000000000     6.000000000000  1000.000000000000    10.000000000000     3.000000000000    20.000000000000     4.000000000000  3000.000000000000     0.001000000047     9.000000000000    90.000000000000     0.004999999888     0.000010000000    -0.119175344706     1.000000000000     0.000144028672
    50.000000000000    50.000000000000     8.000000000000  1000.000000000000    10.000000000000     3.000000000000    20.000000000000     4.000000000000  3000.000000000000     0.001000000047     9.000000000000    90.000000000000     0.004999999888     0.000010000000    -0.166845500469     1.000000000000     0.000182617689
    50.000000000000    50.000000000000    10.000000000000  1000.000000000000    10.000000000000     3.000000000000    20.000000000000     4.000000000000  3000.000000000000     0.001000000047     9.000000000000    90.000000000000     0.004999999888     0.000010000000    -0.214515626431     1.000000000000     0.000156119466
    25.000000000000    25.000000000000     4.000000000000  1500.000000000000    10.000000000000     3.000000000000    20.000000000000     4.000000000000  3000.000000000000     0.001000000047     9.000000000000    90.000000000000     0.004999999888     0.000010000000    -0.027978463098     1.000000000000     0.003228618996
    25.000000000000    25.000000000000     6.000000000000  1500.000000000000    10.000000000000     3.000000000000    20.000000000000     4.000000000000  3000.000000000000     0.001000000047     9.000000000000    90.000000000000     0.004999999888     0.000010000000    -0.046630769968     1.000000000000     0.002782824216
    25.000000000000    25.000000000000     8.000000000000  1500.000000000000    10.000000000000     3.000000000000    20.000000000000     4.000000000000  3000.000000000000     0.001000000047     9.000000000000    90.000000000000     0.004999999888     0.000010000000    -0.065283074975     1.000000000000     0.003202505643
    25.000000000000    25.000000000000    10.000000000000  1500.000000000000    10.000000000000     3.000000000000    20.000000000000     4.000000000000  3000.000000000000     0.001000000047     9.000000000000    90.000000000000     0.004999999888     0.000010000000    -0.083935394883     1.000000000000     0.003066265956
    50.000000000000    50.000000000000     4.000000000000  1500.000000000000    10.000000000000     3.000000000000    20.000000000000     4.000000000000  3000.000000000000     0.001000000047     9.000000000000    90.000000000000     0.004999999888     0.000010000000    -0.071505218744     1.000000000000     0.001522518462
    50.000000000000    50.000000000000     6.000000000000  1500.000000000000    10.000000000000     3.000000000000    20.000000000000     4.000000000000  3000.000000000000     0.001000000047     9.000000000000    90.000000000000     0.004999999888     0.000010000000    -0.119175344706     1.000000000000     0.001509601600
    50.000000000000    50.000000000000     8.000000000000  1500.000000000000    10.000000000000     3.000000000000    20.000000000000     4.000000000000  3000.000000000000     0.001000000047     9.000000000000    90.000000000000     0.004999999888     0.000010000000    -0.166845500469     1.000000000000     0.001467643306
    50.000000000000    50.000000000000    10.000000000000  1500.000000000000    10.000000000000     3.000000000000    20.000000000000     4.000000000000  3000.000000000000     0.001000000047     9.000000000000    90.000000000000     0.004999999888     0.000010000000    -0.214515626431     1.000000000000     0.001550254528
    50.000000000000    50.000000000000     4.000000000000  2000.000000000000    10.000000000000     3.000000000000    20.000000000000     4.000000000000  3000.000000000000     0.001000000047     9.000000000000    90.000000000000     0.004999999888     0.000010000000    -0.071505218744     1.000000000000     0.006613826845
    50.000000000000    50.000000000000     6.000000000000  2000.000000000000    10.000000000000     3.000000000000    20.000000000000     4.000000000000  3000.000000000000     0.001000000047     9.000000000000    90.000000000000     0.004999999888     0.000010000000    -0.119175344706     1.000000000000     0.005420140922
    50.000000000000    50.000000000000     8.000000000000  2000.000000000000    10.000000000000     3.000000000000    20.000000000000     4.000000000000  3000.000000000000     0.001000000047     9.000000000000    90.000000000000     0.004999999888     0.000010000000    -0.166845500469     1.000000000000     0.004921480082
    50.000000000000    50.000000000000    10.000000000000  2000.000000000000    10.000000000000     3.000000000000    20.000000000000     4.000000000000  3000.000000000000     0.001000000047     9.000000000000    90.000000000000     0.004999999888     0.000010000000    -0.214515626431     1.000000000000     0.006012285594
    25.000000000000    25.000000000000     4.000000000000  1000.000000000000    15.000000000000     3.000000000000    20.000000000000     4.000000000000  3000.000000000000     0.001000000047     9.000000000000    90.000000000000     0.004999999888     0.000010000000    -0.027978463098     1.000000000000     0.000182593722
    50.000000000000    50.000000000000     4.000000000000  1000.000000000000    15.000000000000     3.000000000000    20.000000000000     4.000000000000  3000.000000000000     0.001000000047     9.000000000000    90.000000000000     0.004999999888     0.000010000000    -0.071505218744     1.000000000000     0.000132428046
    50.000000000000    50.000000000000     6.000000000000  1000.000000000000    15.000000000000     3.000000000000    20.000000000000     4.000000000000  3000.000000000000     0.001000000047     9.000000000000    90.000000000000     0.004999999888     0.000010000000    -0.119175344706     1.000000000000     0.000133343914
    50.000000000000    50.000000000000     8.000000000000  1000.000000000000    15.000000000000     3.000000000000    20.000000000000     4.000000000000  3000.000000000000     0.001000000047     9.000000000000    90.000000000000     0.004999999888     0.000010000000    -0.166845500469     1.000000000000     0.000104303050
    25.000000000000    25.000000000000     4.000000000000  1500.000000000000    15.000000000000     3.000000000000    20.000000000000     4.000000000000  3000.000000000000     0.001000000047     9.000000000000    90.000000000000     0.004999999888     0.000010000000    -0.027978463098     1.000000000000     0.002858496737
    25.000000000000    25.000000000000     6.000000000000  1500.000000000000    15.000000000000     3.000000000000    20.000000000000     4.000000000000  3000.000000000000     0.001000000047     9.000000000000    90.000000000000     0.004999999888     0.000010000000    -0.046630769968     1.000000000000     0.003023862839
    25.000000000000    25.000000000000     8.000000000000  1500.000000000000    15.000000000000     3.000000000000    20.000000000000     4.000000000000  3000.000000000000     0.001000000047     9.000000000000    90.000000000000     0.004999999888     0.000010000000    -0.065283074975     1.000000000000     0.002326826565
    25.000000000000    25.000000000000    10.000000000000  1500.000000000000    15.000000000000     3.000000000000    20.000000000000     4.000000000000  3000.000000000000     0.001000000047     9.000000000000    90.000000000000     0.004999999888     0.000010000000    -0.083935394883     1.000000000000     0.003816033015
    25.000000000000    25.000000000000     4.000000000000  1500.000000000000    15.000000000000     4.000000000000    20.000000000000     4.000000000000  3000.000000000000     0.001000000047     9.000000000000    90.000000000000     0.004999999888     0.000010000000    -0.027978463098     1.000000000000     0.002556607826
    25.000000000000    25.000000000000     6.000000000000  1500.000000000000    15.000000000000     4.000000000000    20.000000000000     4.000000000000  3000.000000000000     0.001000000047     9.000000000000    90.000000000000     0.004999999888     0.000010000000    -0.046630766243     1.000000000000     0.001921342104
    25.000000000000    25.000000000000     8.000000000000  1500.000000000000    15.000000000000     4.000000000000    20.000000000000     4.000000000000  3000.000000000000     0.001000000047     9.000000000000    90.000000000000     0.004999999888     0.000010000000    -0.065283074975     1.000000000000     0.002347642789
    50.000000000000    50.000000000000     4.000000000000  1500.000000000000    15.000000000000     3.000000000000    20.000000000000     4.000000000000  3000.000000000000     0.001000000047     9.000000000000    90.000000000000     0.004999999888     0.000010000000    -0.071505218744     1.000000000000     0.001703034854
    50.000000000000    50.000000000000     6.000000000000  1500.000000000000    15.000000000000     3.000000000000    20.000000000000     4.000000000000  3000.000000000000     0.001000000047     9.000000000000    90.000000000000     0.004999999888     0.000010000000    -0.119175344706     1.000000000000     0.001581428689
    50.000000000000    50.000000000000     8.000000000000  1500.000000000000    15.000000000000     3.000000000000    20.000000000000     4.000000000000  3000.000000000000     0.001000000047     9.000000000000    90.000000000000     0.004999999888     0.000010000000    -0.166845500469     1.000000000000     0.001512272516
    50.000000000000    50.000000000000     4.000000000000   500.000000000000    20.000000000000     3.000000000000    20.000000000000     4.000000000000  3000.000000000000     0.001000000047     9.000000000000    90.000000000000     0.004999999888     0.000010000000    -0.071505218744     1.000000000000     0.000002800536
    50.000000000000    50.000000000000     6.000000000000   500.000000000000    20.000000000000     3.000000000000    20.000000000000     4.000000000000  3000.000000000000     0.001000000047     9.000000000000    90.000000000000     0.004999999888     0.000010000000    -0.119175344706     1.000000000000     0.000000110150
    50.000000000000    50.000000000000     8.000000000000   500.000000000000    20.000000000000     3.000000000000    20.000000000000     4.000000000000  3000.000000000000     0.001000000047     9.000000000000    90.000000000000     0.004999999888     0.000010000000    -0.166845500469     1.000000000000     0.000002083469
    50.000000000000    50.000000000000     4.000000000000  1000.000000000000    20.000000000000     3.000000000000    20.000000000000     4.000000000000  3000.000000000000     0.001000000047     9.000000000000    90.000000000000     0.004999999888     0.000010000000    -0.071505218744     1.000000000000     0.000192645137
    50.000000000000    50.000000000000     6.000000000000  1000.000000000000    20.000000000000     3.000000000000    20.000000000000     4.000000000000  3000.000000000000     0.001000000047     9.000000000000    90.000000000000     0.004999999888     0.000010000000    -0.119175344706     1.000000000000     0.000200626862
    50.000000000000    50.000000000000     8.000000000000  1000.000000000000    20.000000000000     3.000000000000    20.000000000000     4.000000000000  3000.000000000000     0.001000000047     9.000000000000    90.000000000000     0.004999999888     0.000010000000    -0.166845500469     1.000000000000     0.000126300307
    50.000000000000    50.000000000000    10.000000000000  1000.000000000000    20.000000000000     3.000000000000    20.000000000000     4.000000000000  3000.000000000000     0.001000000047     9.000000000000    90.000000000000     0.004999999888     0.000010000000    -0.214515626431     1.000000000000     0.000205872915
    50.000000000000    50.000000000000     4.000000000000  1000.000000000000    20.000000000000     4.000000000000    20.000000000000     4.000000000000  3000.000000000000     0.001000000047     9.000000000000    90.000000000000     0.004999999888     0.000010000000    -0.071505218744     1.000000000000     0.000168782120
    50.000000000000    50.000000000000     6.000000000000  1000.000000000000    20.000000000000     4.000000000000    20.000000000000     4.000000000000  3000.000000000000     0.001000000047     9.000000000000    90.000000000000     0.004999999888     0.000010000000    -0.119175359607     1.000000000000     0.000157259317
    50.000000000000    50.000000000000     8.000000000000  1000.000000000000    20.000000000000     4.000000000000    20.000000000000     4.000000000000  3000.000000000000     0.001000000047     9.000000000000    90.000000000000     0.004999999888     0.000010000000    -0.166845515370     1.000000000000     0.000186890189
    50.000000000000    50.000000000000    10.000000000000  1000.000000000000    20.000000000000     4.000000000000    20.000000000000     4.000000000000  3000.000000000000     0.001000000047     9.000000000000    90.000000000000     0.004999999888     0.000010000000    -0.214515626431     1.000000000000     0.000180234347
    25.000000000000    25.000000000000     4.000000000000  2000.000000000000    20.000000000000     3.000000000000    20.000000000000     4.000000000000  3000.000000000000     0.001000000047     9.000000000000    90.000000000000     0.004999999888     0.000010000000    -0.027978463098     1.000000000000     0.006720374338
    50.000000000000    50.000000000000     4.000000000000  2000.000000000000    20.000000000000     3.000000000000    20.000000000000     4.000000000000  3000.000000000000     0.001000000047     9.000000000000    90.000000000000     0.004999999888     0.000010000000    -0.071505218744     1.000000000000     4.311894416809
    50.000000000000    50.000000000000     6.000000000000  2000.000000000000    20.000000000000     3.000000000000    20.000000000000     4.000000000000  3000.000000000000     0.001000000047     9.000000000000    90.000000000000     0.004999999888     0.000010000000    -0.119175344706     1.000000000000     0.803536355495
