 
   335.000000000000    25.000000000000     4.000000000000   500.000000000000     5.000000000000     6.000000000000    40.000000000000     4.000000000000  3000.000000000000     0.001000000047     3.000000000000    90.000000000000     0.004999999888     0.000010000000     0.019021540880     1.000000000000     2.462826728821
   335.000000000000    25.000000000000     6.000000000000   500.000000000000     5.000000000000     6.000000000000    40.000000000000     4.000000000000  3000.000000000000     0.001000000047     3.000000000000    90.000000000000     0.004999999888     0.000010000000     0.020369224250     1.000000000000     1.632049083710
    25.000000000000    25.000000000000     4.000000000000   500.000000000000     5.000000000000     6.000000000000    40.000000000000     4.000000000000  3000.000000000000     0.001000000047     3.000000000000    90.000000000000     0.004999999888     0.000010000000    -0.055956926197     1.000000000000     0.031298112124
    25.000000000000    25.000000000000     6.000000000000   500.000000000000     5.000000000000     6.000000000000    40.000000000000     4.000000000000  3000.000000000000     0.001000000047     3.000000000000    90.000000000000     0.004999999888     0.000010000000    -0.093261539936     1.000000000000     0.000857620325
    25.000000000000    25.000000000000     8.000000000000   500.000000000000     5.000000000000     6.000000000000    40.000000000000     4.000000000000  3000.000000000000     0.001000000047     3.000000000000    90.000000000000     0.004999999888     0.000010000000    -0.130566149950     1.000000000000     0.000257486914
    25.000000000000    25.000000000000    10.000000000000   500.000000000000     5.000000000000     6.000000000000    40.000000000000     4.000000000000  3000.000000000000     0.001000000047     3.000000000000    90.000000000000     0.004999999888     0.000010000000    -0.167870789766     1.000000000000     0.000137091207
    25.000000000000    25.000000000000     4.000000000000   500.000000000000     5.000000000000     3.000000000000    20.000000000000     4.000000000000  4000.000000000000     0.001000000047     3.000000000000    90.000000000000     0.004999999888     0.000010000000    -0.027978463098     1.000000000000     0.088667653501
    25.000000000000    25.000000000000     6.000000000000   500.000000000000     5.000000000000     3.000000000000    20.000000000000     4.000000000000  4000.000000000000     0.001000000047     3.000000000000    90.000000000000     0.004999999888     0.000010000000    -0.046630769968     1.000000000000     0.005588438362
    25.000000000000    25.000000000000     8.000000000000   500.000000000000     5.000000000000     3.000000000000    20.000000000000     4.000000000000  4000.000000000000     0.001000000047     3.000000000000    90.000000000000     0.004999999888     0.000010000000    -0.065283074975     1.000000000000     0.002316307975
    25.000000000000    25.000000000000    10.000000000000   500.000000000000     5.000000000000     3.000000000000    20.000000000000     4.000000000000  4000.000000000000     0.001000000047     3.000000000000    90.000000000000     0.004999999888     0.000010000000    -0.083935394883     1.000000000000     0.280737459660
    25.000000000000    25.000000000000     4.000000000000   500.000000000000     5.000000000000     4.000000000000    20.000000000000     4.000000000000  4000.000000000000     0.001000000047     3.000000000000    90.000000000000     0.004999999888     0.000010000000    -0.027978463098     1.000000000000     0.043860711157
   310.000000000000    50.000000000000     4.000000000000   500.000000000000     5.000000000000     6.000000000000    40.000000000000     4.000000000000  3000.000000000000     0.001000000047     3.000000000000    90.000000000000     0.004999999888     0.000010000000     0.035494774580     1.000000000000     2.088598489761
    50.000000000000    50.000000000000     4.000000000000   500.000000000000     5.000000000000     6.000000000000    40.000000000000     4.000000000000  3000.000000000000     0.001000000047     3.000000000000    90.000000000000     0.004999999888     0.000010000000    -0.143010437489     1.000000000000     0.035345435143
    50.000000000000    50.000000000000     6.000000000000   500.000000000000     5.000000000000     6.000000000000    40.000000000000     4.000000000000  3000.000000000000     0.001000000047     3.000000000000    90.000000000000     0.004999999888     0.000010000000    -0.238350704312     1.000000000000     0.002081815852
    50.000000000000    50.000000000000     8.000000000000   500.000000000000     5.000000000000     6.000000000000    40.000000000000     4.000000000000  3000.000000000000     0.001000000047     3.000000000000    90.000000000000     0.004999999888     0.000010000000    -0.333691030741     1.000000000000     0.000425893959
    50.000000000000    50.000000000000    10.000000000000   500.000000000000     5.000000000000     6.000000000000    40.000000000000     4.000000000000  3000.000000000000     0.001000000047     3.000000000000    90.000000000000     0.004999999888     0.000010000000    -0.429031252861     1.000000000000     0.000090522153
    50.000000000000    50.000000000000     4.000000000000   500.000000000000     5.000000000000     3.000000000000    20.000000000000     4.000000000000  4000.000000000000     0.001000000047     3.000000000000    90.000000000000     0.004999999888     0.000010000000    -0.071505218744     1.000000000000     0.156382367015
   335.000000000000    25.000000000000     4.000000000000  1000.000000000000     5.000000000000     6.000000000000    40.000000000000     4.000000000000  3000.000000000000     0.001000000047     3.000000000000    90.000000000000     0.004999999888     0.000010000000     0.019021540880     1.000000000000    25.358768463135
   335.000000000000    25.000000000000     6.000000000000  1000.000000000000     5.000000000000     6.000000000000    40.000000000000     4.000000000000  3000.000000000000     0.001000000047     3.000000000000    90.000000000000     0.004999999888     0.000010000000     0.020369224250     1.000000000000    18.160699844360
    25.000000000000    25.000000000000     4.000000000000  1000.000000000000     5.000000000000     6.000000000000    40.000000000000     4.000000000000  3000.000000000000     0.001000000047     3.000000000000    90.000000000000     0.004999999888     0.000010000000    -0.055956926197     1.000000000000     0.561432719231
    25.000000000000    25.000000000000     6.000000000000  1000.000000000000     5.000000000000     6.000000000000    40.000000000000     4.000000000000  3000.000000000000     0.001000000047     3.000000000000    90.000000000000     0.004999999888     0.000010000000    -0.093261539936     1.000000000000     0.015434544533
    25.000000000000    25.000000000000     8.000000000000  1000.000000000000     5.000000000000     6.000000000000    40.000000000000     4.000000000000  3000.000000000000     0.001000000047     3.000000000000    90.000000000000     0.004999999888     0.000010000000    -0.130566149950     1.000000000000     0.007910354063
   310.000000000000    50.000000000000     4.000000000000  1000.000000000000     5.000000000000     6.000000000000    40.000000000000     4.000000000000  3000.000000000000     0.001000000047     3.000000000000    90.000000000000     0.004999999888     0.000010000000     0.035494774580     1.000000000000    26.878028869629
   310.000000000000    50.000000000000     6.000000000000  1000.000000000000     5.000000000000     6.000000000000    40.000000000000     4.000000000000  3000.000000000000     0.001000000047     3.000000000000    90.000000000000     0.004999999888     0.000010000000     0.032824665308     1.000000000000    19.976503372192
    50.000000000000    50.000000000000     4.000000000000  1000.000000000000     5.000000000000     6.000000000000    40.000000000000     4.000000000000  3000.000000000000     0.001000000047     3.000000000000    90.000000000000     0.004999999888     0.000010000000    -0.143010437489     1.000000000000     0.649865090847
    50.000000000000    50.000000000000     6.000000000000  1000.000000000000     5.000000000000     6.000000000000    40.000000000000     4.000000000000  3000.000000000000     0.001000000047     3.000000000000    90.000000000000     0.004999999888     0.000010000000    -0.238350704312     1.000000000000     0.053608763963
   335.000000000000    25.000000000000     4.000000000000  1500.000000000000     5.000000000000     6.000000000000    40.000000000000     4.000000000000  3000.000000000000     0.001000000047     3.000000000000    90.000000000000     0.004999999888     0.000010000000     0.019021540880     1.000000000000    20.426294326782
   335.000000000000    25.000000000000     6.000000000000  1500.000000000000     5.000000000000     6.000000000000    40.000000000000     4.000000000000  3000.000000000000     0.001000000047     3.000000000000    90.000000000000     0.004999999888     0.000010000000     0.020369224250     1.000000000000     9.520475387573
    25.000000000000    25.000000000000     4.000000000000  1500.000000000000     5.000000000000     6.000000000000    40.000000000000     4.000000000000  3000.000000000000     0.001000000047     3.000000000000    90.000000000000     0.004999999888     0.000010000000    -0.055956926197     1.000000000000     2.389357089996
    25.000000000000    25.000000000000     6.000000000000  1500.000000000000     5.000000000000     6.000000000000    40.000000000000     4.000000000000  3000.000000000000     0.001000000047     3.000000000000    90.000000000000     0.004999999888     0.000010000000    -0.093261539936     1.000000000000     0.101986281574
    25.000000000000    25.000000000000     8.000000000000  1500.000000000000     5.000000000000     6.000000000000    40.000000000000     4.000000000000  3000.000000000000     0.001000000047     3.000000000000    90.000000000000     0.004999999888     0.000010000000    -0.130566149950     1.000000000000     0.032022323459
    25.000000000000    25.000000000000    10.000000000000  1500.000000000000     5.000000000000     6.000000000000    40.000000000000     4.000000000000  3000.000000000000     0.001000000047     3.000000000000    90.000000000000     0.004999999888     0.000010000000    -0.167870789766     1.000000000000     0.020516088232
    25.000000000000    25.000000000000     4.000000000000  1500.000000000000     5.000000000000     3.000000000000    20.000000000000     4.000000000000  4000.000000000000     0.001000000047     3.000000000000    90.000000000000     0.004999999888     0.000010000000    -0.027978463098     1.000000000000     1.982279539108
    25.000000000000    25.000000000000     6.000000000000  1500.000000000000     5.000000000000     3.000000000000    20.000000000000     4.000000000000  4000.000000000000     0.001000000047     3.000000000000    90.000000000000     0.004999999888     0.000010000000    -0.046630769968     1.000000000000     0.624934852123
    25.000000000000    25.000000000000     8.000000000000  1500.000000000000     5.000000000000     3.000000000000    20.000000000000     4.000000000000  4000.000000000000     0.001000000047     3.000000000000    90.000000000000     0.004999999888     0.000010000000    -0.065283074975     1.000000000000     0.238242119551
    25.000000000000    25.000000000000    10.000000000000  1500.000000000000     5.000000000000     3.000000000000    20.000000000000     4.000000000000  4000.000000000000     0.001000000047     3.000000000000    90.000000000000     0.004999999888     0.000010000000    -0.083935394883     1.000000000000    13.345655441284
    25.000000000000    25.000000000000     4.000000000000  1500.000000000000     5.000000000000     4.000000000000    20.000000000000     4.000000000000  4000.000000000000     0.001000000047     3.000000000000    90.000000000000     0.004999999888     0.000010000000    -0.027978463098     1.000000000000     3.211342334747
   310.000000000000    50.000000000000     4.000000000000  1500.000000000000     5.000000000000     6.000000000000    40.000000000000     4.000000000000  3000.000000000000     0.001000000047     3.000000000000    90.000000000000     0.004999999888     0.000010000000     0.035494774580     1.000000000000    22.267829895020
    50.000000000000    50.000000000000     4.000000000000  1500.000000000000     5.000000000000     6.000000000000    40.000000000000     4.000000000000  3000.000000000000     0.001000000047     3.000000000000    90.000000000000     0.004999999888     0.000010000000    -0.143010437489     1.000000000000     2.646074056625
    50.000000000000    50.000000000000     6.000000000000  1500.000000000000     5.000000000000     6.000000000000    40.000000000000     4.000000000000  3000.000000000000     0.001000000047     3.000000000000    90.000000000000     0.004999999888     0.000010000000    -0.238350704312     1.000000000000     0.290856629610
   335.000000000000    25.000000000000     4.000000000000  2000.000000000000     5.000000000000     6.000000000000    40.000000000000     4.000000000000  3000.000000000000     0.001000000047     3.000000000000    90.000000000000     0.004999999888     0.000010000000     0.019021540880     1.000000000000    15.344411849976
   335.000000000000    25.000000000000     6.000000000000  2000.000000000000     5.000000000000     6.000000000000    40.000000000000     4.000000000000  3000.000000000000     0.001000000047     3.000000000000    90.000000000000     0.004999999888     0.000010000000     0.020369224250     1.000000000000     7.257203102112
    25.000000000000    25.000000000000     4.000000000000  2000.000000000000     5.000000000000     6.000000000000    40.000000000000     4.000000000000  3000.000000000000     0.001000000047     3.000000000000    90.000000000000     0.004999999888     0.000010000000    -0.055956926197     1.000000000000     4.010931968689
    25.000000000000    25.000000000000     6.000000000000  2000.000000000000     5.000000000000     6.000000000000    40.000000000000     4.000000000000  3000.000000000000     0.001000000047     3.000000000000    90.000000000000     0.004999999888     0.000010000000    -0.093261539936     1.000000000000     0.256560117006
   310.000000000000    50.000000000000     4.000000000000  2000.000000000000     5.000000000000     6.000000000000    40.000000000000     4.000000000000  3000.000000000000     0.001000000047     3.000000000000    90.000000000000     0.004999999888     0.000010000000     0.035494774580     1.000000000000    19.859050750732
    50.000000000000    50.000000000000     4.000000000000  2000.000000000000     5.000000000000     6.000000000000    40.000000000000     4.000000000000  3000.000000000000     0.001000000047     3.000000000000    90.000000000000     0.004999999888     0.000010000000    -0.143010437489     1.000000000000     5.835160732269
    50.000000000000    50.000000000000     6.000000000000  2000.000000000000     5.000000000000     6.000000000000    40.000000000000     4.000000000000  3000.000000000000     0.001000000047     3.000000000000    90.000000000000     0.004999999888     0.000010000000    -0.238350704312     1.000000000000     0.824401676655
    50.000000000000    50.000000000000     8.000000000000  2000.000000000000     5.000000000000     6.000000000000    40.000000000000     4.000000000000  3000.000000000000     0.001000000047     3.000000000000    90.000000000000     0.004999999888     0.000010000000    -0.333691030741     1.000000000000     0.226984843612
   335.000000000000    25.000000000000     4.000000000000   500.000000000000    10.000000000000     6.000000000000    40.000000000000     4.000000000000  3000.000000000000     0.001000000047     3.000000000000    90.000000000000     0.004999999888     0.000010000000     0.019021540880     1.000000000000     2.483110427856
   335.000000000000    25.000000000000     6.000000000000   500.000000000000    10.000000000000     6.000000000000    40.000000000000     4.000000000000  3000.000000000000     0.001000000047     3.000000000000    90.000000000000     0.004999999888     0.000010000000     0.020369224250     1.000000000000     1.622295141220
    25.000000000000    25.000000000000     4.000000000000   500.000000000000    10.000000000000     6.000000000000    40.000000000000     4.000000000000  3000.000000000000     0.001000000047     3.000000000000    90.000000000000     0.004999999888     0.000010000000    -0.055956926197     1.000000000000     0.034960553050
    25.000000000000    25.000000000000     6.000000000000   500.000000000000    10.000000000000     6.000000000000    40.000000000000     4.000000000000  3000.000000000000     0.001000000047     3.000000000000    90.000000000000     0.004999999888     0.000010000000    -0.093261539936     1.000000000000     0.001036946313
   310.000000000000    50.000000000000     4.000000000000   500.000000000000    10.000000000000     6.000000000000    40.000000000000     4.000000000000  3000.000000000000     0.001000000047     3.000000000000    90.000000000000     0.004999999888     0.000010000000     0.035494774580     1.000000000000     2.101252317429
    50.000000000000    50.000000000000     4.000000000000   500.000000000000    10.000000000000     6.000000000000    40.000000000000     4.000000000000  3000.000000000000     0.001000000047     3.000000000000    90.000000000000     0.004999999888     0.000010000000    -0.143010437489     1.000000000000     0.034926619381
    50.000000000000    50.000000000000     6.000000000000   500.000000000000    10.000000000000     6.000000000000    40.000000000000     4.000000000000  3000.000000000000     0.001000000047     3.000000000000    90.000000000000     0.004999999888     0.000010000000    -0.238350704312     1.000000000000     0.002333483892
   335.000000000000    25.000000000000     4.000000000000  1000.000000000000    10.000000000000     6.000000000000    40.000000000000     4.000000000000  3000.000000000000     0.001000000047     3.000000000000    90.000000000000     0.004999999888     0.000010000000     0.019021540880     1.000000000000    25.577762603760
   335.000000000000    25.000000000000     6.000000000000  1000.000000000000    10.000000000000     6.000000000000    40.000000000000     4.000000000000  3000.000000000000     0.001000000047     3.000000000000    90.000000000000     0.004999999888     0.000010000000     0.020369224250     1.000000000000    17.962343215942
    25.000000000000    25.000000000000     4.000000000000  1000.000000000000    10.000000000000     6.000000000000    40.000000000000     4.000000000000  3000.000000000000     0.001000000047     3.000000000000    90.000000000000     0.004999999888     0.000010000000    -0.055956926197     1.000000000000     0.593342304230
    25.000000000000    25.000000000000     6.000000000000  1000.000000000000    10.000000000000     6.000000000000    40.000000000000     4.000000000000  3000.000000000000     0.001000000047     3.000000000000    90.000000000000     0.004999999888     0.000010000000    -0.093261539936     1.000000000000     0.014641710557
   310.000000000000    50.000000000000     4.000000000000  1000.000000000000    10.000000000000     6.000000000000    40.000000000000     4.000000000000  3000.000000000000     0.001000000047     3.000000000000    90.000000000000     0.004999999888     0.000010000000     0.035494774580     1.000000000000    26.592721939087
   310.000000000000    50.000000000000     6.000000000000  1000.000000000000    10.000000000000     6.000000000000    40.000000000000     4.000000000000  3000.000000000000     0.001000000047     3.000000000000    90.000000000000     0.004999999888     0.000010000000     0.032824665308     1.000000000000    20.110223770142
    50.000000000000    50.000000000000     4.000000000000  1000.000000000000    10.000000000000     6.000000000000    40.000000000000     4.000000000000  3000.000000000000     0.001000000047     3.000000000000    90.000000000000     0.004999999888     0.000010000000    -0.143010437489     1.000000000000     0.642327368259
    50.000000000000    50.000000000000     6.000000000000  1000.000000000000    10.000000000000     6.000000000000    40.000000000000     4.000000000000  3000.000000000000     0.001000000047     3.000000000000    90.000000000000     0.004999999888     0.000010000000    -0.238350704312     1.000000000000     0.054550845176
   335.000000000000    25.000000000000     4.000000000000  1500.000000000000    10.000000000000     6.000000000000    40.000000000000     4.000000000000  3000.000000000000     0.001000000047     3.000000000000    90.000000000000     0.004999999888     0.000010000000     0.019021540880     1.000000000000    20.488908767700
   335.000000000000    25.000000000000     6.000000000000  1500.000000000000    10.000000000000     6.000000000000    40.000000000000     4.000000000000  3000.000000000000     0.001000000047     3.000000000000    90.000000000000     0.004999999888     0.000010000000     0.020369224250     1.000000000000     9.453622817993
    25.000000000000    25.000000000000     4.000000000000  1500.000000000000    10.000000000000     6.000000000000    40.000000000000     4.000000000000  3000.000000000000     0.001000000047     3.000000000000    90.000000000000     0.004999999888     0.000010000000    -0.055956926197     1.000000000000     2.493757486343
    25.000000000000    25.000000000000     6.000000000000  1500.000000000000    10.000000000000     6.000000000000    40.000000000000     4.000000000000  3000.000000000000     0.001000000047     3.000000000000    90.000000000000     0.004999999888     0.000010000000    -0.093261539936     1.000000000000     0.085429109633
    25.000000000000    25.000000000000     8.000000000000  1500.000000000000    10.000000000000     6.000000000000    40.000000000000     4.000000000000  3000.000000000000     0.001000000047     3.000000000000    90.000000000000     0.004999999888     0.000010000000    -0.130566149950     1.000000000000     0.030709439889
   310.000000000000    50.000000000000     4.000000000000  1500.000000000000    10.000000000000     6.000000000000    40.000000000000     4.000000000000  3000.000000000000     0.001000000047     3.000000000000    90.000000000000     0.004999999888     0.000010000000     0.035494774580     1.000000000000    22.121854782104
    50.000000000000    50.000000000000     4.000000000000  1500.000000000000    10.000000000000     6.000000000000    40.000000000000     4.000000000000  3000.000000000000     0.001000000047     3.000000000000    90.000000000000     0.004999999888     0.000010000000    -0.143010437489     1.000000000000     2.715509176254
    50.000000000000    50.000000000000     6.000000000000  1500.000000000000    10.000000000000     6.000000000000    40.000000000000     4.000000000000  3000.000000000000     0.001000000047     3.000000000000    90.000000000000     0.004999999888     0.000010000000    -0.238350704312     1.000000000000     0.286981880665
   335.000000000000    25.000000000000     4.000000000000  2000.000000000000    10.000000000000     6.000000000000    40.000000000000     4.000000000000  3000.000000000000     0.001000000047     3.000000000000    90.000000000000     0.004999999888     0.000010000000     0.019021540880     1.000000000000    15.258247375488
   335.000000000000    25.000000000000     6.000000000000  2000.000000000000    10.000000000000     6.000000000000    40.000000000000     4.000000000000  3000.000000000000     0.001000000047     3.000000000000    90.000000000000     0.004999999888     0.000010000000     0.020369224250     1.000000000000     7.247870445251
    25.000000000000    25.000000000000     4.000000000000  2000.000000000000    10.000000000000     6.000000000000    40.000000000000     4.000000000000  3000.000000000000     0.001000000047     3.000000000000    90.000000000000     0.004999999888     0.000010000000    -0.055956926197     1.000000000000     3.995327949524
    25.000000000000    25.000000000000     6.000000000000  2000.000000000000    10.000000000000     6.000000000000    40.000000000000     4.000000000000  3000.000000000000     0.001000000047     3.000000000000    90.000000000000     0.004999999888     0.000010000000    -0.093261539936     1.000000000000     0.263876557350
    25.000000000000    25.000000000000     8.000000000000  2000.000000000000    10.000000000000     6.000000000000    40.000000000000     4.000000000000  3000.000000000000     0.001000000047     3.000000000000    90.000000000000     0.004999999888     0.000010000000    -0.130566149950     1.000000000000     0.109708413482
    25.000000000000    25.000000000000    10.000000000000  2000.000000000000    10.000000000000     6.000000000000    40.000000000000     4.000000000000  3000.000000000000     0.001000000047     3.000000000000    90.000000000000     0.004999999888     0.000010000000    -0.167870789766     1.000000000000     0.062115795910
    25.000000000000    25.000000000000     4.000000000000  2000.000000000000    10.000000000000     3.000000000000    20.000000000000     4.000000000000  4000.000000000000     0.001000000047     3.000000000000    90.000000000000     0.004999999888     0.000010000000    -0.027978463098     1.000000000000    10.380965232849
   310.000000000000    50.000000000000     4.000000000000  2000.000000000000    10.000000000000     6.000000000000    40.000000000000     4.000000000000  3000.000000000000     0.001000000047     3.000000000000    90.000000000000     0.004999999888     0.000010000000     0.035494774580     1.000000000000    20.096780776978
    50.000000000000    50.000000000000     4.000000000000  2000.000000000000    10.000000000000     6.000000000000    40.000000000000     4.000000000000  3000.000000000000     0.001000000047     3.000000000000    90.000000000000     0.004999999888     0.000010000000    -0.143010437489     1.000000000000     0.861111760139
    50.000000000000    50.000000000000     6.000000000000  2000.000000000000    10.000000000000     6.000000000000    40.000000000000     4.000000000000  3000.000000000000     0.001000000047     3.000000000000    90.000000000000     0.004999999888     0.000010000000    -0.238350704312     1.000000000000     0.049026470631
   335.000000000000    25.000000000000     4.000000000000   500.000000000000    15.000000000000     6.000000000000    40.000000000000     4.000000000000  3000.000000000000     0.001000000047     3.000000000000    90.000000000000     0.004999999888     0.000010000000     0.019021540880     1.000000000000     2.477412939072
   335.000000000000    25.000000000000     6.000000000000   500.000000000000    15.000000000000     6.000000000000    40.000000000000     4.000000000000  3000.000000000000     0.001000000047     3.000000000000    90.000000000000     0.004999999888     0.000010000000     0.020369224250     1.000000000000     1.611472845078
    25.000000000000    25.000000000000     4.000000000000   500.000000000000    15.000000000000     6.000000000000    40.000000000000     4.000000000000  3000.000000000000     0.001000000047     3.000000000000    90.000000000000     0.004999999888     0.000010000000    -0.055956926197     1.000000000000     0.030917340890
    25.000000000000    25.000000000000     6.000000000000   500.000000000000    15.000000000000     6.000000000000    40.000000000000     4.000000000000  3000.000000000000     0.001000000047     3.000000000000    90.000000000000     0.004999999888     0.000010000000    -0.093261539936     1.000000000000     0.000700729026
    25.000000000000    25.000000000000     8.000000000000   500.000000000000    15.000000000000     6.000000000000    40.000000000000     4.000000000000  3000.000000000000     0.001000000047     3.000000000000    90.000000000000     0.004999999888     0.000010000000    -0.130566149950     1.000000000000     0.000331541727
    25.000000000000    25.000000000000    10.000000000000   500.000000000000    15.000000000000     6.000000000000    40.000000000000     4.000000000000  3000.000000000000     0.001000000047     3.000000000000    90.000000000000     0.004999999888     0.000010000000    -0.167870789766     1.000000000000     0.000212738130
    25.000000000000    25.000000000000     4.000000000000   500.000000000000    15.000000000000     3.000000000000    20.000000000000     4.000000000000  4000.000000000000     0.001000000047     3.000000000000    90.000000000000     0.004999999888     0.000010000000    -0.027978463098     1.000000000000     0.087153695524
    25.000000000000    25.000000000000     6.000000000000   500.000000000000    15.000000000000     3.000000000000    20.000000000000     4.000000000000  4000.000000000000     0.001000000047     3.000000000000    90.000000000000     0.004999999888     0.000010000000    -0.046630769968     1.000000000000     0.028801122680
    25.000000000000    25.000000000000     8.000000000000   500.000000000000    15.000000000000     3.000000000000    20.000000000000     4.000000000000  4000.000000000000     0.001000000047     3.000000000000    90.000000000000     0.004999999888     0.000010000000    -0.065283074975     1.000000000000     0.006218580529
    25.000000000000    25.000000000000    10.000000000000   500.000000000000    15.000000000000     3.000000000000    20.000000000000     4.000000000000  4000.000000000000     0.001000000047     3.000000000000    90.000000000000     0.004999999888     0.000010000000    -0.083935394883     1.000000000000     0.001899279072
    25.000000000000    25.000000000000     4.000000000000   500.000000000000    15.000000000000     4.000000000000    20.000000000000     4.000000000000  4000.000000000000     0.001000000047     3.000000000000    90.000000000000     0.004999999888     0.000010000000    -0.027978463098     1.000000000000     0.260828793049
    25.000000000000    25.000000000000     6.000000000000   500.000000000000    15.000000000000     4.000000000000    20.000000000000     4.000000000000  4000.000000000000     0.001000000047     3.000000000000    90.000000000000     0.004999999888     0.000010000000    -0.046630766243     1.000000000000     0.042952880263
   310.000000000000    50.000000000000     4.000000000000   500.000000000000    15.000000000000     6.000000000000    40.000000000000     4.000000000000  3000.000000000000     0.001000000047     3.000000000000    90.000000000000     0.004999999888     0.000010000000     0.035494774580     1.000000000000     2.097685575485
   310.000000000000    50.000000000000     6.000000000000   500.000000000000    15.000000000000     6.000000000000    40.000000000000     4.000000000000  3000.000000000000     0.001000000047     3.000000000000    90.000000000000     0.004999999888     0.000010000000     0.032824665308     1.000000000000     1.836113333702
    50.000000000000    50.000000000000     4.000000000000   500.000000000000    15.000000000000     6.000000000000    40.000000000000     4.000000000000  3000.000000000000     0.001000000047     3.000000000000    90.000000000000     0.004999999888     0.000010000000    -0.143010437489     1.000000000000     0.034595575184
    50.000000000000    50.000000000000     6.000000000000   500.000000000000    15.000000000000     6.000000000000    40.000000000000     4.000000000000  3000.000000000000     0.001000000047     3.000000000000    90.000000000000     0.004999999888     0.000010000000    -0.238350704312     1.000000000000     0.002163504483
    50.000000000000    50.000000000000     8.000000000000   500.000000000000    15.000000000000     6.000000000000    40.000000000000     4.000000000000  3000.000000000000     0.001000000047     3.000000000000    90.000000000000     0.004999999888     0.000010000000    -0.333691030741     1.000000000000     0.000353555224
   335.000000000000    25.000000000000     4.000000000000  1000.000000000000    15.000000000000     6.000000000000    40.000000000000     4.000000000000  3000.000000000000     0.001000000047     3.000000000000    90.000000000000     0.004999999888     0.000010000000     0.019021540880     1.000000000000    25.312196731567
   335.000000000000    25.000000000000     6.000000000000  1000.000000000000    15.000000000000     6.000000000000    40.000000000000     4.000000000000  3000.000000000000     0.001000000047     3.000000000000    90.000000000000     0.004999999888     0.000010000000     0.020369224250     1.000000000000    18.224639892578
    25.000000000000    25.000000000000     4.000000000000  1000.000000000000    15.000000000000     6.000000000000    40.000000000000     4.000000000000  3000.000000000000     0.001000000047     3.000000000000    90.000000000000     0.004999999888     0.000010000000    -0.055956926197     1.000000000000     0.552853882313
    25.000000000000    25.000000000000     6.000000000000  1000.000000000000    15.000000000000     6.000000000000    40.000000000000     4.000000000000  3000.000000000000     0.001000000047     3.000000000000    90.000000000000     0.004999999888     0.000010000000    -0.093261539936     1.000000000000     0.018804898486
    25.000000000000    25.000000000000     8.000000000000  1000.000000000000    15.000000000000     6.000000000000    40.000000000000     4.000000000000  3000.000000000000     0.001000000047     3.000000000000    90.000000000000     0.004999999888     0.000010000000    -0.130566149950     1.000000000000     0.005698806141
   310.000000000000    50.000000000000     4.000000000000  1000.000000000000    15.000000000000     6.000000000000    40.000000000000     4.000000000000  3000.000000000000     0.001000000047     3.000000000000    90.000000000000     0.004999999888     0.000010000000     0.035494774580     1.000000000000    26.747520446777
    50.000000000000    50.000000000000     4.000000000000  1000.000000000000    15.000000000000     6.000000000000    40.000000000000     4.000000000000  3000.000000000000     0.001000000047     3.000000000000    90.000000000000     0.004999999888     0.000010000000    -0.143010437489     1.000000000000     0.659790933132
    50.000000000000    50.000000000000     6.000000000000  1000.000000000000    15.000000000000     6.000000000000    40.000000000000     4.000000000000  3000.000000000000     0.001000000047     3.000000000000    90.000000000000     0.004999999888     0.000010000000    -0.238350704312     1.000000000000     0.053258378059
   335.000000000000    25.000000000000     4.000000000000  1500.000000000000    15.000000000000     6.000000000000    40.000000000000     4.000000000000  3000.000000000000     0.001000000047     3.000000000000    90.000000000000     0.004999999888     0.000010000000     0.019021540880     1.000000000000    20.384838104248
   335.000000000000    25.000000000000     6.000000000000  1500.000000000000    15.000000000000     6.000000000000    40.000000000000     4.000000000000  3000.000000000000     0.001000000047     3.000000000000    90.000000000000     0.004999999888     0.000010000000     0.020369224250     1.000000000000     9.546097755432
    25.000000000000    25.000000000000     4.000000000000  1500.000000000000    15.000000000000     6.000000000000    40.000000000000     4.000000000000  3000.000000000000     0.001000000047     3.000000000000    90.000000000000     0.004999999888     0.000010000000    -0.055956926197     1.000000000000     2.455123901367
    25.000000000000    25.000000000000     6.000000000000  1500.000000000000    15.000000000000     6.000000000000    40.000000000000     4.000000000000  3000.000000000000     0.001000000047     3.000000000000    90.000000000000     0.004999999888     0.000010000000    -0.093261539936     1.000000000000     0.086534529924
   310.000000000000    50.000000000000     4.000000000000  1500.000000000000    15.000000000000     6.000000000000    40.000000000000     4.000000000000  3000.000000000000     0.001000000047     3.000000000000    90.000000000000     0.004999999888     0.000010000000     0.035494774580     1.000000000000    22.110342025757
    50.000000000000    50.000000000000     4.000000000000  1500.000000000000    15.000000000000     6.000000000000    40.000000000000     4.000000000000  3000.000000000000     0.001000000047     3.000000000000    90.000000000000     0.004999999888     0.000010000000    -0.143010437489     1.000000000000     2.693016529083
    50.000000000000    50.000000000000     6.000000000000  1500.000000000000    15.000000000000     6.000000000000    40.000000000000     4.000000000000  3000.000000000000     0.001000000047     3.000000000000    90.000000000000     0.004999999888     0.000010000000    -0.238350704312     1.000000000000     0.313635855913
    50.000000000000    50.000000000000     8.000000000000  1500.000000000000    15.000000000000     6.000000000000    40.000000000000     4.000000000000  3000.000000000000     0.001000000047     3.000000000000    90.000000000000     0.004999999888     0.000010000000    -0.333691030741     1.000000000000     0.018842326477
    50.000000000000    50.000000000000    10.000000000000  1500.000000000000    15.000000000000     6.000000000000    40.000000000000     4.000000000000  3000.000000000000     0.001000000047     3.000000000000    90.000000000000     0.004999999888     0.000010000000    -0.429031252861     1.000000000000     9.233246803284
    50.000000000000    50.000000000000     4.000000000000  1500.000000000000    15.000000000000     3.000000000000    20.000000000000     4.000000000000  4000.000000000000     0.001000000047     3.000000000000    90.000000000000     0.004999999888     0.000010000000    -0.071505218744     1.000000000000     2.319979429245
    50.000000000000    50.000000000000     6.000000000000  1500.000000000000    15.000000000000     3.000000000000    20.000000000000     4.000000000000  4000.000000000000     0.001000000047     3.000000000000    90.000000000000     0.004999999888     0.000010000000    -0.119175344706     1.000000000000     1.607700705528
    50.000000000000    50.000000000000     8.000000000000  1500.000000000000    15.000000000000     3.000000000000    20.000000000000     4.000000000000  4000.000000000000     0.001000000047     3.000000000000    90.000000000000     0.004999999888     0.000010000000    -0.166845500469     1.000000000000     0.557410538197
    50.000000000000    50.000000000000    10.000000000000  1500.000000000000    15.000000000000     3.000000000000    20.000000000000     4.000000000000  4000.000000000000     0.001000000047     3.000000000000    90.000000000000     0.004999999888     0.000010000000    -0.214515626431     1.000000000000    12.784488677979
    50.000000000000    50.000000000000     4.000000000000  1500.000000000000    15.000000000000     4.000000000000    20.000000000000     4.000000000000  4000.000000000000     0.001000000047     3.000000000000    90.000000000000     0.004999999888     0.000010000000    -0.071505218744     1.000000000000     4.426725387573
   335.000000000000    25.000000000000     4.000000000000  2000.000000000000    15.000000000000     6.000000000000    40.000000000000     4.000000000000  3000.000000000000     0.001000000047     3.000000000000    90.000000000000     0.004999999888     0.000010000000     0.019021540880     1.000000000000    15.159625053406
   335.000000000000    25.000000000000     6.000000000000  2000.000000000000    15.000000000000     6.000000000000    40.000000000000     4.000000000000  3000.000000000000     0.001000000047     3.000000000000    90.000000000000     0.004999999888     0.000010000000     0.020369224250     1.000000000000     7.189156532288
    25.000000000000    25.000000000000     4.000000000000  2000.000000000000    15.000000000000     6.000000000000    40.000000000000     4.000000000000  3000.000000000000     0.001000000047     3.000000000000    90.000000000000     0.004999999888     0.000010000000    -0.055956926197     1.000000000000     3.957915067673
    25.000000000000    25.000000000000     6.000000000000  2000.000000000000    15.000000000000     6.000000000000    40.000000000000     4.000000000000  3000.000000000000     0.001000000047     3.000000000000    90.000000000000     0.004999999888     0.000010000000    -0.093261539936     1.000000000000     0.245782390237
   310.000000000000    50.000000000000     4.000000000000  2000.000000000000    15.000000000000     6.000000000000    40.000000000000     4.000000000000  3000.000000000000     0.001000000047     3.000000000000    90.000000000000     0.004999999888     0.000010000000     0.035494774580     1.000000000000    19.776998519897
   310.000000000000    50.000000000000     6.000000000000  2000.000000000000    15.000000000000     6.000000000000    40.000000000000     4.000000000000  3000.000000000000     0.001000000047     3.000000000000    90.000000000000     0.004999999888     0.000010000000     0.032824665308     1.000000000000    16.055412292480
    50.000000000000    50.000000000000     4.000000000000  2000.000000000000    15.000000000000     6.000000000000    40.000000000000     4.000000000000  3000.000000000000     0.001000000047     3.000000000000    90.000000000000     0.004999999888     0.000010000000    -0.143010437489     1.000000000000     5.594038486481
    50.000000000000    50.000000000000     6.000000000000  2000.000000000000    15.000000000000     6.000000000000    40.000000000000     4.000000000000  3000.000000000000     0.001000000047     3.000000000000    90.000000000000     0.004999999888     0.000010000000    -0.238350704312     1.000000000000     0.861050724983
   335.000000000000    25.000000000000     4.000000000000   500.000000000000    20.000000000000     6.000000000000    40.000000000000     4.000000000000  3000.000000000000     0.001000000047     3.000000000000    90.000000000000     0.004999999888     0.000010000000     0.019021540880     1.000000000000     2.508528947830
   335.000000000000    25.000000000000     6.000000000000   500.000000000000    20.000000000000     6.000000000000    40.000000000000     4.000000000000  3000.000000000000     0.001000000047     3.000000000000    90.000000000000     0.004999999888     0.000010000000     0.020369224250     1.000000000000     1.639544248581
    25.000000000000    25.000000000000     4.000000000000   500.000000000000    20.000000000000     6.000000000000    40.000000000000     4.000000000000  3000.000000000000     0.001000000047     3.000000000000    90.000000000000     0.004999999888     0.000010000000    -0.055956926197     1.000000000000     0.032579321414
    25.000000000000    25.000000000000     6.000000000000   500.000000000000    20.000000000000     6.000000000000    40.000000000000     4.000000000000  3000.000000000000     0.001000000047     3.000000000000    90.000000000000     0.004999999888     0.000010000000    -0.093261539936     1.000000000000     0.000877765764
    25.000000000000    25.000000000000     8.000000000000   500.000000000000    20.000000000000     6.000000000000    40.000000000000     4.000000000000  3000.000000000000     0.001000000047     3.000000000000    90.000000000000     0.004999999888     0.000010000000    -0.130566149950     1.000000000000     0.000394849340
   310.000000000000    50.000000000000     4.000000000000   500.000000000000    20.000000000000     6.000000000000    40.000000000000     4.000000000000  3000.000000000000     0.001000000047     3.000000000000    90.000000000000     0.004999999888     0.000010000000     0.035494774580     1.000000000000     2.069642305374
   310.000000000000    50.000000000000     6.000000000000   500.000000000000    20.000000000000     6.000000000000    40.000000000000     4.000000000000  3000.000000000000     0.001000000047     3.000000000000    90.000000000000     0.004999999888     0.000010000000     0.032824665308     1.000000000000     1.816352248192
    50.000000000000    50.000000000000     4.000000000000   500.000000000000    20.000000000000     6.000000000000    40.000000000000     4.000000000000  3000.000000000000     0.001000000047     3.000000000000    90.000000000000     0.004999999888     0.000010000000    -0.143010437489     1.000000000000     0.035085141659
    50.000000000000    50.000000000000     6.000000000000   500.000000000000    20.000000000000     6.000000000000    40.000000000000     4.000000000000  3000.000000000000     0.001000000047     3.000000000000    90.000000000000     0.004999999888     0.000010000000    -0.238350704312     1.000000000000     0.002068553353
    50.000000000000    50.000000000000     8.000000000000   500.000000000000    20.000000000000     6.000000000000    40.000000000000     4.000000000000  3000.000000000000     0.001000000047     3.000000000000    90.000000000000     0.004999999888     0.000010000000    -0.333691030741     1.000000000000     0.000400729419
    50.000000000000    50.000000000000    10.000000000000   500.000000000000    20.000000000000     6.000000000000    40.000000000000     4.000000000000  3000.000000000000     0.001000000047     3.000000000000    90.000000000000     0.004999999888     0.000010000000    -0.429031252861     1.000000000000     0.000067014240
    50.000000000000    50.000000000000     4.000000000000   500.000000000000    20.000000000000     3.000000000000    20.000000000000     4.000000000000  4000.000000000000     0.001000000047     3.000000000000    90.000000000000     0.004999999888     0.000010000000    -0.071505218744     1.000000000000     0.140390068293
    50.000000000000    50.000000000000     6.000000000000   500.000000000000    20.000000000000     3.000000000000    20.000000000000     4.000000000000  4000.000000000000     0.001000000047     3.000000000000    90.000000000000     0.004999999888     0.000010000000    -0.119175344706     1.000000000000     0.021300673485
    50.000000000000    50.000000000000     8.000000000000   500.000000000000    20.000000000000     3.000000000000    20.000000000000     4.000000000000  4000.000000000000     0.001000000047     3.000000000000    90.000000000000     0.004999999888     0.000010000000    -0.166845500469     1.000000000000     0.016718177125
    50.000000000000    50.000000000000    10.000000000000   500.000000000000    20.000000000000     3.000000000000    20.000000000000     4.000000000000  4000.000000000000     0.001000000047     3.000000000000    90.000000000000     0.004999999888     0.000010000000    -0.214515626431     1.000000000000     0.004885761999
    50.000000000000    50.000000000000     4.000000000000   500.000000000000    20.000000000000     4.000000000000    20.000000000000     4.000000000000  4000.000000000000     0.001000000047     3.000000000000    90.000000000000     0.004999999888     0.000010000000    -0.071505218744     1.000000000000     0.336796581745
    50.000000000000    50.000000000000     6.000000000000   500.000000000000    20.000000000000     4.000000000000    20.000000000000     4.000000000000  4000.000000000000     0.001000000047     3.000000000000    90.000000000000     0.004999999888     0.000010000000    -0.119175359607     1.000000000000     0.050268799067
   335.000000000000    25.000000000000     4.000000000000  1000.000000000000    20.000000000000     6.000000000000    40.000000000000     4.000000000000  3000.000000000000     0.001000000047     3.000000000000    90.000000000000     0.004999999888     0.000010000000     0.019021540880     1.000000000000    25.343219757080
   335.000000000000    25.000000000000     6.000000000000  1000.000000000000    20.000000000000     6.000000000000    40.000000000000     4.000000000000  3000.000000000000     0.001000000047     3.000000000000    90.000000000000     0.004999999888     0.000010000000     0.020369224250     1.000000000000    18.215625762939
    25.000000000000    25.000000000000     4.000000000000  1000.000000000000    20.000000000000     6.000000000000    40.000000000000     4.000000000000  3000.000000000000     0.001000000047     3.000000000000    90.000000000000     0.004999999888     0.000010000000    -0.055956926197     1.000000000000     0.575162529945
    25.000000000000    25.000000000000     6.000000000000  1000.000000000000    20.000000000000     6.000000000000    40.000000000000     4.000000000000  3000.000000000000     0.001000000047     3.000000000000    90.000000000000     0.004999999888     0.000010000000    -0.093261539936     1.000000000000     0.019463505596
   310.000000000000    50.000000000000     4.000000000000  1000.000000000000    20.000000000000     6.000000000000    40.000000000000     4.000000000000  3000.000000000000     0.001000000047     3.000000000000    90.000000000000     0.004999999888     0.000010000000     0.035494774580     1.000000000000    26.617921829224
   310.000000000000    50.000000000000     6.000000000000  1000.000000000000    20.000000000000     6.000000000000    40.000000000000     4.000000000000  3000.000000000000     0.001000000047     3.000000000000    90.000000000000     0.004999999888     0.000010000000     0.032824665308     1.000000000000    20.354698181152
    50.000000000000    50.000000000000     4.000000000000  1000.000000000000    20.000000000000     6.000000000000    40.000000000000     4.000000000000  3000.000000000000     0.001000000047     3.000000000000    90.000000000000     0.004999999888     0.000010000000    -0.143010437489     1.000000000000     0.637835204601
    50.000000000000    50.000000000000     6.000000000000  1000.000000000000    20.000000000000     6.000000000000    40.000000000000     4.000000000000  3000.000000000000     0.001000000047     3.000000000000    90.000000000000     0.004999999888     0.000010000000    -0.238350704312     1.000000000000     0.049678299576
   335.000000000000    25.000000000000     4.000000000000  1500.000000000000    20.000000000000     6.000000000000    40.000000000000     4.000000000000  3000.000000000000     0.001000000047     3.000000000000    90.000000000000     0.004999999888     0.000010000000     0.019021540880     1.000000000000    20.660568237305
   335.000000000000    25.000000000000     6.000000000000  1500.000000000000    20.000000000000     6.000000000000    40.000000000000     4.000000000000  3000.000000000000     0.001000000047     3.000000000000    90.000000000000     0.004999999888     0.000010000000     0.020369224250     1.000000000000     9.478859901428
    25.000000000000    25.000000000000     4.000000000000  1500.000000000000    20.000000000000     6.000000000000    40.000000000000     4.000000000000  3000.000000000000     0.001000000047     3.000000000000    90.000000000000     0.004999999888     0.000010000000    -0.055956926197     1.000000000000     2.408978939056
    25.000000000000    25.000000000000     6.000000000000  1500.000000000000    20.000000000000     6.000000000000    40.000000000000     4.000000000000  3000.000000000000     0.001000000047     3.000000000000    90.000000000000     0.004999999888     0.000010000000    -0.093261539936     1.000000000000     0.091194935143
   310.000000000000    50.000000000000     4.000000000000  1500.000000000000    20.000000000000     6.000000000000    40.000000000000     4.000000000000  3000.000000000000     0.001000000047     3.000000000000    90.000000000000     0.004999999888     0.000010000000     0.035494774580     1.000000000000    22.004459381104
    50.000000000000    50.000000000000     4.000000000000  1500.000000000000    20.000000000000     6.000000000000    40.000000000000     4.000000000000  3000.000000000000     0.001000000047     3.000000000000    90.000000000000     0.004999999888     0.000010000000    -0.143010437489     1.000000000000     2.717264652252
    50.000000000000    50.000000000000     6.000000000000  1500.000000000000    20.000000000000     6.000000000000    40.000000000000     4.000000000000  3000.000000000000     0.001000000047     3.000000000000    90.000000000000     0.004999999888     0.000010000000    -0.238350704312     1.000000000000     0.289133220911
   335.000000000000    25.000000000000     4.000000000000  2000.000000000000    20.000000000000     6.000000000000    40.000000000000     4.000000000000  3000.000000000000     0.001000000047     3.000000000000    90.000000000000     0.004999999888     0.000010000000     0.019021540880     1.000000000000    15.524836540222
   335.000000000000    25.000000000000     6.000000000000  2000.000000000000    20.000000000000     6.000000000000    40.000000000000     4.000000000000  3000.000000000000     0.001000000047     3.000000000000    90.000000000000     0.004999999888     0.000010000000     0.020369224250     1.000000000000     7.318830013275
    25.000000000000    25.000000000000     4.000000000000  2000.000000000000    20.000000000000     6.000000000000    40.000000000000     4.000000000000  3000.000000000000     0.001000000047     3.000000000000    90.000000000000     0.004999999888     0.000010000000    -0.055956926197     1.000000000000     4.069667339325
    25.000000000000    25.000000000000     6.000000000000  2000.000000000000    20.000000000000     6.000000000000    40.000000000000     4.000000000000  3000.000000000000     0.001000000047     3.000000000000    90.000000000000     0.004999999888     0.000010000000    -0.093261539936     1.000000000000     0.274698942900
    25.000000000000    25.000000000000     8.000000000000  2000.000000000000    20.000000000000     6.000000000000    40.000000000000     4.000000000000  3000.000000000000     0.001000000047     3.000000000000    90.000000000000     0.004999999888     0.000010000000    -0.130566149950     1.000000000000     0.101323872805
    25.000000000000    25.000000000000    10.000000000000  2000.000000000000    20.000000000000     6.000000000000    40.000000000000     4.000000000000  3000.000000000000     0.001000000047     3.000000000000    90.000000000000     0.004999999888     0.000010000000    -0.167870789766     1.000000000000     0.069904237986
    25.000000000000    25.000000000000     4.000000000000  2000.000000000000    20.000000000000     3.000000000000    20.000000000000     4.000000000000  4000.000000000000     0.001000000047     3.000000000000    90.000000000000     0.004999999888     0.000010000000    -0.027978463098     1.000000000000     0.000000000000
    25.000000000000    25.000000000000     6.000000000000  2000.000000000000    20.000000000000     3.000000000000    20.000000000000     4.000000000000  4000.000000000000     0.001000000047     3.000000000000    90.000000000000     0.004999999888     0.000010000000    -0.046630769968     1.000000000000     1.768300652504
    25.000000000000    25.000000000000     8.000000000000  2000.000000000000    20.000000000000     3.000000000000    20.000000000000     4.000000000000  4000.000000000000     0.001000000047     3.000000000000    90.000000000000     0.004999999888     0.000010000000    -0.065283074975     1.000000000000     0.605575501919
   310.000000000000    50.000000000000     4.000000000000  2000.000000000000    20.000000000000     6.000000000000    40.000000000000     4.000000000000  3000.000000000000     0.001000000047     3.000000000000    90.000000000000     0.004999999888     0.000010000000     0.035494774580     1.000000000000    19.856252670288
   310.000000000000    50.000000000000     6.000000000000  2000.000000000000    20.000000000000     6.000000000000    40.000000000000     4.000000000000  3000.000000000000     0.001000000047     3.000000000000    90.000000000000     0.004999999888     0.000010000000     0.032824665308     1.000000000000    16.188947677612
    50.000000000000    50.000000000000     4.000000000000  2000.000000000000    20.000000000000     6.000000000000    40.000000000000     4.000000000000  3000.000000000000     0.001000000047     3.000000000000    90.000000000000     0.004999999888     0.000010000000    -0.143010437489     1.000000000000     5.728012084961
    50.000000000000    50.000000000000     6.000000000000  2000.000000000000    20.000000000000     6.000000000000    40.000000000000     4.000000000000  3000.000000000000     0.001000000047     3.000000000000    90.000000000000     0.004999999888     0.000010000000    -0.238350704312     1.000000000000     0.833961069584
