 
   335.000000000000    25.000000000000     4.000000000000   500.000000000000     5.000000000000     5.000000000000    35.000000000000     4.000000000000  1000.000000000000     0.001000000047     3.000000000000    90.000000000000     0.004999999888     0.000010000000     0.018018845469     1.000000000000     2.350090026855
   335.000000000000    25.000000000000     6.000000000000   500.000000000000     5.000000000000     5.000000000000    35.000000000000     4.000000000000  1000.000000000000     0.001000000047     3.000000000000    90.000000000000     0.004999999888     0.000010000000     0.016698077321     1.000000000000     1.718720674515
   335.000000000000    25.000000000000     8.000000000000   500.000000000000     5.000000000000     5.000000000000    35.000000000000     4.000000000000  1000.000000000000     0.001000000047     3.000000000000    90.000000000000     0.004999999888     0.000010000000     0.020377323031     1.000000000000     1.483418583870
    25.000000000000    25.000000000000     4.000000000000   500.000000000000     5.000000000000     5.000000000000    35.000000000000     4.000000000000  1000.000000000000     0.001000000047     3.000000000000    90.000000000000     0.004999999888     0.000010000000    -0.048962302506     1.000000000000     0.047654133290
    25.000000000000    25.000000000000     6.000000000000   500.000000000000     5.000000000000     5.000000000000    35.000000000000     4.000000000000  1000.000000000000     0.001000000047     3.000000000000    90.000000000000     0.004999999888     0.000010000000    -0.081603839993     1.000000000000     0.003255747724
    25.000000000000    25.000000000000     8.000000000000   500.000000000000     5.000000000000     5.000000000000    35.000000000000     4.000000000000  1000.000000000000     0.001000000047     3.000000000000    90.000000000000     0.004999999888     0.000010000000    -0.114245370030     1.000000000000     0.000542955939
    25.000000000000    25.000000000000    10.000000000000   500.000000000000     5.000000000000     5.000000000000    35.000000000000     4.000000000000  1000.000000000000     0.001000000047     3.000000000000    90.000000000000     0.004999999888     0.000010000000    -0.146886914968     1.000000000000     0.000139290496
    25.000000000000    25.000000000000     4.000000000000   500.000000000000     5.000000000000     6.000000000000    40.000000000000     4.000000000000  1000.000000000000     0.001000000047     3.000000000000    90.000000000000     0.004999999888     0.000010000000    -0.055956926197     1.000000000000     0.033680498600
    25.000000000000    25.000000000000     6.000000000000   500.000000000000     5.000000000000     6.000000000000    40.000000000000     4.000000000000  1000.000000000000     0.001000000047     3.000000000000    90.000000000000     0.004999999888     0.000010000000    -0.093261539936     1.000000000000     0.001005190541
    25.000000000000    25.000000000000     8.000000000000   500.000000000000     5.000000000000     6.000000000000    40.000000000000     4.000000000000  1000.000000000000     0.001000000047     3.000000000000    90.000000000000     0.004999999888     0.000010000000    -0.130566149950     1.000000000000     0.000267036783
    25.000000000000    25.000000000000    10.000000000000   500.000000000000     5.000000000000     6.000000000000    40.000000000000     4.000000000000  1000.000000000000     0.001000000047     3.000000000000    90.000000000000     0.004999999888     0.000010000000    -0.167870789766     1.000000000000     0.000259469467
    25.000000000000    25.000000000000     4.000000000000   500.000000000000     5.000000000000     3.000000000000    20.000000000000     4.000000000000  2000.000000000000     0.001000000047     3.000000000000    90.000000000000     0.004999999888     0.000010000000    -0.027978463098     1.000000000000     0.087718792260
    25.000000000000    25.000000000000     6.000000000000   500.000000000000     5.000000000000     3.000000000000    20.000000000000     4.000000000000  2000.000000000000     0.001000000047     3.000000000000    90.000000000000     0.004999999888     0.000010000000    -0.046630769968     1.000000000000     0.023972339928
   310.000000000000    50.000000000000     4.000000000000   500.000000000000     5.000000000000     5.000000000000    35.000000000000     4.000000000000  1000.000000000000     0.001000000047     3.000000000000    90.000000000000     0.004999999888     0.000010000000     0.029932945967     1.000000000000     3.504235029221
   310.000000000000    50.000000000000     6.000000000000   500.000000000000     5.000000000000     5.000000000000    35.000000000000     4.000000000000  1000.000000000000     0.001000000047     3.000000000000    90.000000000000     0.004999999888     0.000010000000     0.033221572638     1.000000000000     2.320727109909
    50.000000000000    50.000000000000     4.000000000000   500.000000000000     5.000000000000     5.000000000000    35.000000000000     4.000000000000  1000.000000000000     0.001000000047     3.000000000000    90.000000000000     0.004999999888     0.000010000000    -0.125134125352     1.000000000000     0.063309319317
    50.000000000000    50.000000000000     6.000000000000   500.000000000000     5.000000000000     5.000000000000    35.000000000000     4.000000000000  1000.000000000000     0.001000000047     3.000000000000    90.000000000000     0.004999999888     0.000010000000    -0.208556875587     1.000000000000     0.004736626521
    50.000000000000    50.000000000000     8.000000000000   500.000000000000     5.000000000000     5.000000000000    35.000000000000     4.000000000000  1000.000000000000     0.001000000047     3.000000000000    90.000000000000     0.004999999888     0.000010000000    -0.291979640722     1.000000000000     0.000616306672
   335.000000000000    25.000000000000     4.000000000000  1000.000000000000     5.000000000000     5.000000000000    35.000000000000     4.000000000000  1000.000000000000     0.001000000047     3.000000000000    90.000000000000     0.004999999888     0.000010000000     0.018018845469     1.000000000000    21.404331207275
   335.000000000000    25.000000000000     6.000000000000  1000.000000000000     5.000000000000     5.000000000000    35.000000000000     4.000000000000  1000.000000000000     0.001000000047     3.000000000000    90.000000000000     0.004999999888     0.000010000000     0.016698077321     1.000000000000    16.490411758423
   335.000000000000    25.000000000000     8.000000000000  1000.000000000000     5.000000000000     5.000000000000    35.000000000000     4.000000000000  1000.000000000000     0.001000000047     3.000000000000    90.000000000000     0.004999999888     0.000010000000     0.020377323031     1.000000000000    17.925674438477
    25.000000000000    25.000000000000     4.000000000000  1000.000000000000     5.000000000000     5.000000000000    35.000000000000     4.000000000000  1000.000000000000     0.001000000047     3.000000000000    90.000000000000     0.004999999888     0.000010000000    -0.048962302506     1.000000000000     0.754302322865
    25.000000000000    25.000000000000     6.000000000000  1000.000000000000     5.000000000000     5.000000000000    35.000000000000     4.000000000000  1000.000000000000     0.001000000047     3.000000000000    90.000000000000     0.004999999888     0.000010000000    -0.081603839993     1.000000000000     0.057644803077
    25.000000000000    25.000000000000     8.000000000000  1000.000000000000     5.000000000000     5.000000000000    35.000000000000     4.000000000000  1000.000000000000     0.001000000047     3.000000000000    90.000000000000     0.004999999888     0.000010000000    -0.114245370030     1.000000000000     0.005822336767
    25.000000000000    25.000000000000    10.000000000000  1000.000000000000     5.000000000000     5.000000000000    35.000000000000     4.000000000000  1000.000000000000     0.001000000047     3.000000000000    90.000000000000     0.004999999888     0.000010000000    -0.146886914968     1.000000000000     0.003304765327
    25.000000000000    25.000000000000     4.000000000000  1000.000000000000     5.000000000000     6.000000000000    40.000000000000     4.000000000000  1000.000000000000     0.001000000047     3.000000000000    90.000000000000     0.004999999888     0.000010000000    -0.055956926197     1.000000000000     0.717645704746
    25.000000000000    25.000000000000     6.000000000000  1000.000000000000     5.000000000000     6.000000000000    40.000000000000     4.000000000000  1000.000000000000     0.001000000047     3.000000000000    90.000000000000     0.004999999888     0.000010000000    -0.093261539936     1.000000000000     0.021664852276
    25.000000000000    25.000000000000     8.000000000000  1000.000000000000     5.000000000000     6.000000000000    40.000000000000     4.000000000000  1000.000000000000     0.001000000047     3.000000000000    90.000000000000     0.004999999888     0.000010000000    -0.130566149950     1.000000000000     0.005384765565
    25.000000000000    25.000000000000    10.000000000000  1000.000000000000     5.000000000000     6.000000000000    40.000000000000     4.000000000000  1000.000000000000     0.001000000047     3.000000000000    90.000000000000     0.004999999888     0.000010000000    -0.167870789766     1.000000000000     0.003852292430
    25.000000000000    25.000000000000     4.000000000000  1000.000000000000     5.000000000000     3.000000000000    20.000000000000     4.000000000000  2000.000000000000     0.001000000047     3.000000000000    90.000000000000     0.004999999888     0.000010000000    -0.027978463098     1.000000000000     1.622331738472
    25.000000000000    25.000000000000     6.000000000000  1000.000000000000     5.000000000000     3.000000000000    20.000000000000     4.000000000000  2000.000000000000     0.001000000047     3.000000000000    90.000000000000     0.004999999888     0.000010000000    -0.046630769968     1.000000000000     0.476108014584
   310.000000000000    50.000000000000     4.000000000000  1000.000000000000     5.000000000000     5.000000000000    35.000000000000     4.000000000000  1000.000000000000     0.001000000047     3.000000000000    90.000000000000     0.004999999888     0.000010000000     0.029932945967     1.000000000000    35.245506286621
   310.000000000000    50.000000000000     6.000000000000  1000.000000000000     5.000000000000     5.000000000000    35.000000000000     4.000000000000  1000.000000000000     0.001000000047     3.000000000000    90.000000000000     0.004999999888     0.000010000000     0.033221572638     1.000000000000    28.409027099609
   310.000000000000    50.000000000000     8.000000000000  1000.000000000000     5.000000000000     5.000000000000    35.000000000000     4.000000000000  1000.000000000000     0.001000000047     3.000000000000    90.000000000000     0.004999999888     0.000010000000     0.031510174274     1.000000000000    15.657898902893
   310.000000000000    50.000000000000    10.000000000000  1000.000000000000     5.000000000000     5.000000000000    35.000000000000     4.000000000000  1000.000000000000     0.001000000047     3.000000000000    90.000000000000     0.004999999888     0.000010000000     0.029798835516     1.000000000000    15.950386047363
   310.000000000000    50.000000000000     4.000000000000  1000.000000000000     5.000000000000     6.000000000000    40.000000000000     4.000000000000  1000.000000000000     0.001000000047     3.000000000000    90.000000000000     0.004999999888     0.000010000000     0.035494774580     1.000000000000    26.505760192871
    50.000000000000    50.000000000000     4.000000000000  1000.000000000000     5.000000000000     5.000000000000    35.000000000000     4.000000000000  1000.000000000000     0.001000000047     3.000000000000    90.000000000000     0.004999999888     0.000010000000    -0.125134125352     1.000000000000     1.034028768539
    50.000000000000    50.000000000000     6.000000000000  1000.000000000000     5.000000000000     5.000000000000    35.000000000000     4.000000000000  1000.000000000000     0.001000000047     3.000000000000    90.000000000000     0.004999999888     0.000010000000    -0.208556875587     1.000000000000     0.112421520054
    50.000000000000    50.000000000000     8.000000000000  1000.000000000000     5.000000000000     5.000000000000    35.000000000000     4.000000000000  1000.000000000000     0.001000000047     3.000000000000    90.000000000000     0.004999999888     0.000010000000    -0.291979640722     1.000000000000     0.015109082684
    50.000000000000    50.000000000000    10.000000000000  1000.000000000000     5.000000000000     5.000000000000    35.000000000000     4.000000000000  1000.000000000000     0.001000000047     3.000000000000    90.000000000000     0.004999999888     0.000010000000    -0.375402361155     1.000000000000     0.003325291444
    50.000000000000    50.000000000000     4.000000000000  1000.000000000000     5.000000000000     6.000000000000    40.000000000000     4.000000000000  1000.000000000000     0.001000000047     3.000000000000    90.000000000000     0.004999999888     0.000010000000    -0.143010437489     1.000000000000     2.119962453842
    50.000000000000    50.000000000000     6.000000000000  1000.000000000000     5.000000000000     6.000000000000    40.000000000000     4.000000000000  1000.000000000000     0.001000000047     3.000000000000    90.000000000000     0.004999999888     0.000010000000    -0.238350704312     1.000000000000     0.056483685970
   335.000000000000    25.000000000000     4.000000000000  1500.000000000000     5.000000000000     5.000000000000    35.000000000000     4.000000000000  1000.000000000000     0.001000000047     3.000000000000    90.000000000000     0.004999999888     0.000010000000     0.018018845469     1.000000000000    14.414211273193
   335.000000000000    25.000000000000     6.000000000000  1500.000000000000     5.000000000000     5.000000000000    35.000000000000     4.000000000000  1000.000000000000     0.001000000047     3.000000000000    90.000000000000     0.004999999888     0.000010000000     0.016698077321     1.000000000000    12.610118865967
   335.000000000000    25.000000000000     8.000000000000  1500.000000000000     5.000000000000     5.000000000000    35.000000000000     4.000000000000  1000.000000000000     0.001000000047     3.000000000000    90.000000000000     0.004999999888     0.000010000000     0.020377323031     1.000000000000    19.489313125610
   335.000000000000    25.000000000000    10.000000000000  1500.000000000000     5.000000000000     5.000000000000    35.000000000000     4.000000000000  1000.000000000000     0.001000000047     3.000000000000    90.000000000000     0.004999999888     0.000010000000     0.019056558609     1.000000000000    16.052331924438
   335.000000000000    25.000000000000     4.000000000000  1500.000000000000     5.000000000000     6.000000000000    40.000000000000     4.000000000000  1000.000000000000     0.001000000047     3.000000000000    90.000000000000     0.004999999888     0.000010000000     0.019021540880     1.000000000000    20.418720245361
   335.000000000000    25.000000000000     6.000000000000  1500.000000000000     5.000000000000     6.000000000000    40.000000000000     4.000000000000  1000.000000000000     0.001000000047     3.000000000000    90.000000000000     0.004999999888     0.000010000000     0.020369224250     1.000000000000     9.409067153931
   335.000000000000    25.000000000000     8.000000000000  1500.000000000000     5.000000000000     6.000000000000    40.000000000000     4.000000000000  1000.000000000000     0.001000000047     3.000000000000    90.000000000000     0.004999999888     0.000010000000     0.016716912389     1.000000000000     7.459897994995
    25.000000000000    25.000000000000     4.000000000000  1500.000000000000     5.000000000000     5.000000000000    35.000000000000     4.000000000000  1000.000000000000     0.001000000047     3.000000000000    90.000000000000     0.004999999888     0.000010000000    -0.048962302506     1.000000000000     2.652773141861
    25.000000000000    25.000000000000     6.000000000000  1500.000000000000     5.000000000000     5.000000000000    35.000000000000     4.000000000000  1000.000000000000     0.001000000047     3.000000000000    90.000000000000     0.004999999888     0.000010000000    -0.081603839993     1.000000000000     0.309493273497
    25.000000000000    25.000000000000     8.000000000000  1500.000000000000     5.000000000000     5.000000000000    35.000000000000     4.000000000000  1000.000000000000     0.001000000047     3.000000000000    90.000000000000     0.004999999888     0.000010000000    -0.114245370030     1.000000000000     0.039026010782
   310.000000000000    50.000000000000     4.000000000000  1500.000000000000     5.000000000000     5.000000000000    35.000000000000     4.000000000000  1000.000000000000     0.001000000047     3.000000000000    90.000000000000     0.004999999888     0.000010000000     0.029932945967     1.000000000000    32.828983306885
   310.000000000000    50.000000000000     6.000000000000  1500.000000000000     5.000000000000     5.000000000000    35.000000000000     4.000000000000  1000.000000000000     0.001000000047     3.000000000000    90.000000000000     0.004999999888     0.000010000000     0.033221572638     1.000000000000    28.729972839355
    50.000000000000    50.000000000000     4.000000000000  1500.000000000000     5.000000000000     5.000000000000    35.000000000000     4.000000000000  1000.000000000000     0.001000000047     3.000000000000    90.000000000000     0.004999999888     0.000010000000    -0.125134125352     1.000000000000     3.784262895584
    50.000000000000    50.000000000000     6.000000000000  1500.000000000000     5.000000000000     5.000000000000    35.000000000000     4.000000000000  1000.000000000000     0.001000000047     3.000000000000    90.000000000000     0.004999999888     0.000010000000    -0.208556875587     1.000000000000     0.553863048553
    50.000000000000    50.000000000000     8.000000000000  1500.000000000000     5.000000000000     5.000000000000    35.000000000000     4.000000000000  1000.000000000000     0.001000000047     3.000000000000    90.000000000000     0.004999999888     0.000010000000    -0.291979640722     1.000000000000     0.082893572748
   335.000000000000    25.000000000000     4.000000000000  2000.000000000000     5.000000000000     5.000000000000    35.000000000000     4.000000000000  1000.000000000000     0.001000000047     3.000000000000    90.000000000000     0.004999999888     0.000010000000     0.018018845469     1.000000000000    12.226826667786
   335.000000000000    25.000000000000     6.000000000000  2000.000000000000     5.000000000000     5.000000000000    35.000000000000     4.000000000000  1000.000000000000     0.001000000047     3.000000000000    90.000000000000     0.004999999888     0.000010000000     0.016698077321     1.000000000000    23.533187866211
   335.000000000000    25.000000000000     8.000000000000  2000.000000000000     5.000000000000     5.000000000000    35.000000000000     4.000000000000  1000.000000000000     0.001000000047     3.000000000000    90.000000000000     0.004999999888     0.000010000000     0.020377323031     1.000000000000    24.689937591553
    25.000000000000    25.000000000000     4.000000000000  2000.000000000000     5.000000000000     5.000000000000    35.000000000000     4.000000000000  1000.000000000000     0.001000000047     3.000000000000    90.000000000000     0.004999999888     0.000010000000    -0.048962302506     1.000000000000     4.072678565979
    25.000000000000    25.000000000000     6.000000000000  2000.000000000000     5.000000000000     5.000000000000    35.000000000000     4.000000000000  1000.000000000000     0.001000000047     3.000000000000    90.000000000000     0.004999999888     0.000010000000    -0.081603839993     1.000000000000     0.847317874432
    25.000000000000    25.000000000000     8.000000000000  2000.000000000000     5.000000000000     5.000000000000    35.000000000000     4.000000000000  1000.000000000000     0.001000000047     3.000000000000    90.000000000000     0.004999999888     0.000010000000    -0.114245370030     1.000000000000     0.094048455358
   310.000000000000    50.000000000000     4.000000000000  2000.000000000000     5.000000000000     5.000000000000    35.000000000000     4.000000000000  1000.000000000000     0.001000000047     3.000000000000    90.000000000000     0.004999999888     0.000010000000     0.029932945967     1.000000000000    29.565368652344
   310.000000000000    50.000000000000     6.000000000000  2000.000000000000     5.000000000000     5.000000000000    35.000000000000     4.000000000000  1000.000000000000     0.001000000047     3.000000000000    90.000000000000     0.004999999888     0.000010000000     0.033221572638     1.000000000000    25.643875122070
    50.000000000000    50.000000000000     4.000000000000  2000.000000000000     5.000000000000     5.000000000000    35.000000000000     4.000000000000  1000.000000000000     0.001000000047     3.000000000000    90.000000000000     0.004999999888     0.000010000000    -0.125134125352     1.000000000000     5.566592693329
    50.000000000000    50.000000000000     6.000000000000  2000.000000000000     5.000000000000     5.000000000000    35.000000000000     4.000000000000  1000.000000000000     0.001000000047     3.000000000000    90.000000000000     0.004999999888     0.000010000000    -0.208556875587     1.000000000000     1.309552431107
    50.000000000000    50.000000000000     8.000000000000  2000.000000000000     5.000000000000     5.000000000000    35.000000000000     4.000000000000  1000.000000000000     0.001000000047     3.000000000000    90.000000000000     0.004999999888     0.000010000000    -0.291979640722     1.000000000000     0.265055805445
    50.000000000000    50.000000000000    10.000000000000  2000.000000000000     5.000000000000     5.000000000000    35.000000000000     4.000000000000  1000.000000000000     0.001000000047     3.000000000000    90.000000000000     0.004999999888     0.000010000000    -0.375402361155     1.000000000000     0.068804211915
    50.000000000000    50.000000000000     4.000000000000  2000.000000000000     5.000000000000     6.000000000000    40.000000000000     4.000000000000  1000.000000000000     0.001000000047     3.000000000000    90.000000000000     0.004999999888     0.000010000000    -0.143010437489     1.000000000000    11.183094978333
    50.000000000000    50.000000000000     6.000000000000  2000.000000000000     5.000000000000     6.000000000000    40.000000000000     4.000000000000  1000.000000000000     0.001000000047     3.000000000000    90.000000000000     0.004999999888     0.000010000000    -0.238350704312     1.000000000000     0.838670849800
    50.000000000000    50.000000000000     8.000000000000  2000.000000000000     5.000000000000     6.000000000000    40.000000000000     4.000000000000  1000.000000000000     0.001000000047     3.000000000000    90.000000000000     0.004999999888     0.000010000000    -0.333691030741     1.000000000000     0.224136292934
    50.000000000000    50.000000000000    10.000000000000  2000.000000000000     5.000000000000     6.000000000000    40.000000000000     4.000000000000  1000.000000000000     0.001000000047     3.000000000000    90.000000000000     0.004999999888     0.000010000000    -0.429031252861     1.000000000000     0.056160088629
    50.000000000000    50.000000000000     4.000000000000  2000.000000000000     5.000000000000     3.000000000000    20.000000000000     4.000000000000  2000.000000000000     0.001000000047     3.000000000000    90.000000000000     0.004999999888     0.000010000000    -0.071505218744     1.000000000000    16.284212112427
    50.000000000000    50.000000000000     6.000000000000  2000.000000000000     5.000000000000     3.000000000000    20.000000000000     4.000000000000  2000.000000000000     0.001000000047     3.000000000000    90.000000000000     0.004999999888     0.000010000000    -0.119175344706     1.000000000000     6.217339038849
   335.000000000000    25.000000000000     4.000000000000   500.000000000000    10.000000000000     5.000000000000    35.000000000000     4.000000000000  1000.000000000000     0.001000000047     3.000000000000    90.000000000000     0.004999999888     0.000010000000     0.018018845469     1.000000000000     2.347726583481
   335.000000000000    25.000000000000     6.000000000000   500.000000000000    10.000000000000     5.000000000000    35.000000000000     4.000000000000  1000.000000000000     0.001000000047     3.000000000000    90.000000000000     0.004999999888     0.000010000000     0.016698077321     1.000000000000     1.703778743744
   335.000000000000    25.000000000000     8.000000000000   500.000000000000    10.000000000000     5.000000000000    35.000000000000     4.000000000000  1000.000000000000     0.001000000047     3.000000000000    90.000000000000     0.004999999888     0.000010000000     0.020377323031     1.000000000000     1.470473170280
   335.000000000000    25.000000000000    10.000000000000   500.000000000000    10.000000000000     5.000000000000    35.000000000000     4.000000000000  1000.000000000000     0.001000000047     3.000000000000    90.000000000000     0.004999999888     0.000010000000     0.019056558609     1.000000000000     2.538138866425
   335.000000000000    25.000000000000     4.000000000000   500.000000000000    10.000000000000     6.000000000000    40.000000000000     4.000000000000  1000.000000000000     0.001000000047     3.000000000000    90.000000000000     0.004999999888     0.000010000000     0.019021540880     1.000000000000     1.620458841324
   335.000000000000    25.000000000000     6.000000000000   500.000000000000    10.000000000000     6.000000000000    40.000000000000     4.000000000000  1000.000000000000     0.001000000047     3.000000000000    90.000000000000     0.004999999888     0.000010000000     0.020369224250     1.000000000000     1.029501795769
    25.000000000000    25.000000000000     4.000000000000   500.000000000000    10.000000000000     5.000000000000    35.000000000000     4.000000000000  1000.000000000000     0.001000000047     3.000000000000    90.000000000000     0.004999999888     0.000010000000    -0.048962302506     1.000000000000     0.043934643269
    25.000000000000    25.000000000000     6.000000000000   500.000000000000    10.000000000000     5.000000000000    35.000000000000     4.000000000000  1000.000000000000     0.001000000047     3.000000000000    90.000000000000     0.004999999888     0.000010000000    -0.081603839993     1.000000000000     0.003536874428
    25.000000000000    25.000000000000     8.000000000000   500.000000000000    10.000000000000     5.000000000000    35.000000000000     4.000000000000  1000.000000000000     0.001000000047     3.000000000000    90.000000000000     0.004999999888     0.000010000000    -0.114245370030     1.000000000000     0.000275228580
   310.000000000000    50.000000000000     4.000000000000   500.000000000000    10.000000000000     5.000000000000    35.000000000000     4.000000000000  1000.000000000000     0.001000000047     3.000000000000    90.000000000000     0.004999999888     0.000010000000     0.029932945967     1.000000000000     3.446343660355
   310.000000000000    50.000000000000     6.000000000000   500.000000000000    10.000000000000     5.000000000000    35.000000000000     4.000000000000  1000.000000000000     0.001000000047     3.000000000000    90.000000000000     0.004999999888     0.000010000000     0.033221572638     1.000000000000     2.314697980881
    50.000000000000    50.000000000000     4.000000000000   500.000000000000    10.000000000000     5.000000000000    35.000000000000     4.000000000000  1000.000000000000     0.001000000047     3.000000000000    90.000000000000     0.004999999888     0.000010000000    -0.125134125352     1.000000000000     0.063330449164
    50.000000000000    50.000000000000     6.000000000000   500.000000000000    10.000000000000     5.000000000000    35.000000000000     4.000000000000  1000.000000000000     0.001000000047     3.000000000000    90.000000000000     0.004999999888     0.000010000000    -0.208556875587     1.000000000000     0.006320976187
    50.000000000000    50.000000000000     8.000000000000   500.000000000000    10.000000000000     5.000000000000    35.000000000000     4.000000000000  1000.000000000000     0.001000000047     3.000000000000    90.000000000000     0.004999999888     0.000010000000    -0.291979640722     1.000000000000     0.000500719587
    50.000000000000    50.000000000000    10.000000000000   500.000000000000    10.000000000000     5.000000000000    35.000000000000     4.000000000000  1000.000000000000     0.001000000047     3.000000000000    90.000000000000     0.004999999888     0.000010000000    -0.375402361155     1.000000000000     0.000082030994
    50.000000000000    50.000000000000     4.000000000000   500.000000000000    10.000000000000     6.000000000000    40.000000000000     4.000000000000  1000.000000000000     0.001000000047     3.000000000000    90.000000000000     0.004999999888     0.000010000000    -0.143010437489     1.000000000000     0.036605477333
    50.000000000000    50.000000000000     6.000000000000   500.000000000000    10.000000000000     6.000000000000    40.000000000000     4.000000000000  1000.000000000000     0.001000000047     3.000000000000    90.000000000000     0.004999999888     0.000010000000    -0.238350704312     1.000000000000     0.002385103609
    50.000000000000    50.000000000000     8.000000000000   500.000000000000    10.000000000000     6.000000000000    40.000000000000     4.000000000000  1000.000000000000     0.001000000047     3.000000000000    90.000000000000     0.004999999888     0.000010000000    -0.333691030741     1.000000000000     0.000382835453
    50.000000000000    50.000000000000    10.000000000000   500.000000000000    10.000000000000     6.000000000000    40.000000000000     4.000000000000  1000.000000000000     0.001000000047     3.000000000000    90.000000000000     0.004999999888     0.000010000000    -0.429031252861     1.000000000000     0.000045582041
    50.000000000000    50.000000000000     4.000000000000   500.000000000000    10.000000000000     3.000000000000    20.000000000000     4.000000000000  2000.000000000000     0.001000000047     3.000000000000    90.000000000000     0.004999999888     0.000010000000    -0.071505218744     1.000000000000     0.136480316520
   335.000000000000    25.000000000000     4.000000000000  1000.000000000000    10.000000000000     5.000000000000    35.000000000000     4.000000000000  1000.000000000000     0.001000000047     3.000000000000    90.000000000000     0.004999999888     0.000010000000     0.018018845469     1.000000000000    21.504394531250
   335.000000000000    25.000000000000     6.000000000000  1000.000000000000    10.000000000000     5.000000000000    35.000000000000     4.000000000000  1000.000000000000     0.001000000047     3.000000000000    90.000000000000     0.004999999888     0.000010000000     0.016698077321     1.000000000000    16.546834945679
   335.000000000000    25.000000000000     8.000000000000  1000.000000000000    10.000000000000     5.000000000000    35.000000000000     4.000000000000  1000.000000000000     0.001000000047     3.000000000000    90.000000000000     0.004999999888     0.000010000000     0.020377323031     1.000000000000    17.731277465820
   335.000000000000    25.000000000000    10.000000000000  1000.000000000000    10.000000000000     5.000000000000    35.000000000000     4.000000000000  1000.000000000000     0.001000000047     3.000000000000    90.000000000000     0.004999999888     0.000010000000     0.019056558609     1.000000000000    19.235088348389
   335.000000000000    25.000000000000     4.000000000000  1000.000000000000    10.000000000000     6.000000000000    40.000000000000     4.000000000000  1000.000000000000     0.001000000047     3.000000000000    90.000000000000     0.004999999888     0.000010000000     0.019021540880     1.000000000000    25.207323074341
   335.000000000000    25.000000000000     6.000000000000  1000.000000000000    10.000000000000     6.000000000000    40.000000000000     4.000000000000  1000.000000000000     0.001000000047     3.000000000000    90.000000000000     0.004999999888     0.000010000000     0.020369224250     1.000000000000    18.356775283813
   335.000000000000    25.000000000000     8.000000000000  1000.000000000000    10.000000000000     6.000000000000    40.000000000000     4.000000000000  1000.000000000000     0.001000000047     3.000000000000    90.000000000000     0.004999999888     0.000010000000     0.016716912389     1.000000000000    11.192707061768
    25.000000000000    25.000000000000     4.000000000000  1000.000000000000    10.000000000000     5.000000000000    35.000000000000     4.000000000000  1000.000000000000     0.001000000047     3.000000000000    90.000000000000     0.004999999888     0.000010000000    -0.048962302506     1.000000000000     0.749537885189
    25.000000000000    25.000000000000     6.000000000000  1000.000000000000    10.000000000000     5.000000000000    35.000000000000     4.000000000000  1000.000000000000     0.001000000047     3.000000000000    90.000000000000     0.004999999888     0.000010000000    -0.081603839993     1.000000000000     0.059922892600
    25.000000000000    25.000000000000     8.000000000000  1000.000000000000    10.000000000000     5.000000000000    35.000000000000     4.000000000000  1000.000000000000     0.001000000047     3.000000000000    90.000000000000     0.004999999888     0.000010000000    -0.114245370030     1.000000000000     0.008564299904
    25.000000000000    25.000000000000    10.000000000000  1000.000000000000    10.000000000000     5.000000000000    35.000000000000     4.000000000000  1000.000000000000     0.001000000047     3.000000000000    90.000000000000     0.004999999888     0.000010000000    -0.146886914968     1.000000000000     0.003258315381
    25.000000000000    25.000000000000     4.000000000000  1000.000000000000    10.000000000000     6.000000000000    40.000000000000     4.000000000000  1000.000000000000     0.001000000047     3.000000000000    90.000000000000     0.004999999888     0.000010000000    -0.055956926197     1.000000000000     0.556341409683
    25.000000000000    25.000000000000     6.000000000000  1000.000000000000    10.000000000000     6.000000000000    40.000000000000     4.000000000000  1000.000000000000     0.001000000047     3.000000000000    90.000000000000     0.004999999888     0.000010000000    -0.093261539936     1.000000000000     0.008603723720
    25.000000000000    25.000000000000     8.000000000000  1000.000000000000    10.000000000000     6.000000000000    40.000000000000     4.000000000000  1000.000000000000     0.001000000047     3.000000000000    90.000000000000     0.004999999888     0.000010000000    -0.130566149950     1.000000000000     0.004255906213
    25.000000000000    25.000000000000    10.000000000000  1000.000000000000    10.000000000000     6.000000000000    40.000000000000     4.000000000000  1000.000000000000     0.001000000047     3.000000000000    90.000000000000     0.004999999888     0.000010000000    -0.167870789766     1.000000000000     1.653667807579
    25.000000000000    25.000000000000     4.000000000000  1000.000000000000    10.000000000000     3.000000000000    20.000000000000     4.000000000000  2000.000000000000     0.001000000047     3.000000000000    90.000000000000     0.004999999888     0.000010000000    -0.027978463098     1.000000000000     0.475618898869
   310.000000000000    50.000000000000     4.000000000000  1000.000000000000    10.000000000000     5.000000000000    35.000000000000     4.000000000000  1000.000000000000     0.001000000047     3.000000000000    90.000000000000     0.004999999888     0.000010000000     0.029932945967     1.000000000000    35.326423645020
   310.000000000000    50.000000000000     6.000000000000  1000.000000000000    10.000000000000     5.000000000000    35.000000000000     4.000000000000  1000.000000000000     0.001000000047     3.000000000000    90.000000000000     0.004999999888     0.000010000000     0.033221572638     1.000000000000    28.443716049194
   310.000000000000    50.000000000000     8.000000000000  1000.000000000000    10.000000000000     5.000000000000    35.000000000000     4.000000000000  1000.000000000000     0.001000000047     3.000000000000    90.000000000000     0.004999999888     0.000010000000     0.031510174274     1.000000000000    15.524857521057
    50.000000000000    50.000000000000     4.000000000000  1000.000000000000    10.000000000000     5.000000000000    35.000000000000     4.000000000000  1000.000000000000     0.001000000047     3.000000000000    90.000000000000     0.004999999888     0.000010000000    -0.125134125352     1.000000000000     1.083747267723
    50.000000000000    50.000000000000     6.000000000000  1000.000000000000    10.000000000000     5.000000000000    35.000000000000     4.000000000000  1000.000000000000     0.001000000047     3.000000000000    90.000000000000     0.004999999888     0.000010000000    -0.208556875587     1.000000000000     0.109687082469
    50.000000000000    50.000000000000     8.000000000000  1000.000000000000    10.000000000000     5.000000000000    35.000000000000     4.000000000000  1000.000000000000     0.001000000047     3.000000000000    90.000000000000     0.004999999888     0.000010000000    -0.291979640722     1.000000000000     0.016765780747
   335.000000000000    25.000000000000     4.000000000000  1500.000000000000    10.000000000000     5.000000000000    35.000000000000     4.000000000000  1000.000000000000     0.001000000047     3.000000000000    90.000000000000     0.004999999888     0.000010000000     0.018018845469     1.000000000000    14.362258911133
   335.000000000000    25.000000000000     6.000000000000  1500.000000000000    10.000000000000     5.000000000000    35.000000000000     4.000000000000  1000.000000000000     0.001000000047     3.000000000000    90.000000000000     0.004999999888     0.000010000000     0.016698077321     1.000000000000    12.771954536438
   335.000000000000    25.000000000000     8.000000000000  1500.000000000000    10.000000000000     5.000000000000    35.000000000000     4.000000000000  1000.000000000000     0.001000000047     3.000000000000    90.000000000000     0.004999999888     0.000010000000     0.020377323031     1.000000000000    19.303770065308
   335.000000000000    25.000000000000    10.000000000000  1500.000000000000    10.000000000000     5.000000000000    35.000000000000     4.000000000000  1000.000000000000     0.001000000047     3.000000000000    90.000000000000     0.004999999888     0.000010000000     0.019056558609     1.000000000000    16.436351776123
   335.000000000000    25.000000000000     4.000000000000  1500.000000000000    10.000000000000     6.000000000000    40.000000000000     4.000000000000  1000.000000000000     0.001000000047     3.000000000000    90.000000000000     0.004999999888     0.000010000000     0.019021540880     1.000000000000    20.673383712769
    25.000000000000    25.000000000000     4.000000000000  1500.000000000000    10.000000000000     5.000000000000    35.000000000000     4.000000000000  1000.000000000000     0.001000000047     3.000000000000    90.000000000000     0.004999999888     0.000010000000    -0.048962302506     1.000000000000     2.594343662262
    25.000000000000    25.000000000000     6.000000000000  1500.000000000000    10.000000000000     5.000000000000    35.000000000000     4.000000000000  1000.000000000000     0.001000000047     3.000000000000    90.000000000000     0.004999999888     0.000010000000    -0.081603839993     1.000000000000     0.321974664927
    25.000000000000    25.000000000000     8.000000000000  1500.000000000000    10.000000000000     5.000000000000    35.000000000000     4.000000000000  1000.000000000000     0.001000000047     3.000000000000    90.000000000000     0.004999999888     0.000010000000    -0.114245370030     1.000000000000     0.036135595292
   310.000000000000    50.000000000000     4.000000000000  1500.000000000000    10.000000000000     5.000000000000    35.000000000000     4.000000000000  1000.000000000000     0.001000000047     3.000000000000    90.000000000000     0.004999999888     0.000010000000     0.029932945967     1.000000000000    32.808910369873
   310.000000000000    50.000000000000     6.000000000000  1500.000000000000    10.000000000000     5.000000000000    35.000000000000     4.000000000000  1000.000000000000     0.001000000047     3.000000000000    90.000000000000     0.004999999888     0.000010000000     0.033221572638     1.000000000000    28.818683624268
    50.000000000000    50.000000000000     4.000000000000  1500.000000000000    10.000000000000     5.000000000000    35.000000000000     4.000000000000  1000.000000000000     0.001000000047     3.000000000000    90.000000000000     0.004999999888     0.000010000000    -0.125134125352     1.000000000000     3.777414083481
    50.000000000000    50.000000000000     6.000000000000  1500.000000000000    10.000000000000     5.000000000000    35.000000000000     4.000000000000  1000.000000000000     0.001000000047     3.000000000000    90.000000000000     0.004999999888     0.000010000000    -0.208556875587     1.000000000000     0.594478070736
    50.000000000000    50.000000000000     8.000000000000  1500.000000000000    10.000000000000     5.000000000000    35.000000000000     4.000000000000  1000.000000000000     0.001000000047     3.000000000000    90.000000000000     0.004999999888     0.000010000000    -0.291979640722     1.000000000000     0.079859912395
   335.000000000000    25.000000000000     4.000000000000  2000.000000000000    10.000000000000     5.000000000000    35.000000000000     4.000000000000  1000.000000000000     0.001000000047     3.000000000000    90.000000000000     0.004999999888     0.000010000000     0.018018845469     1.000000000000    12.288598060608
   335.000000000000    25.000000000000     6.000000000000  2000.000000000000    10.000000000000     5.000000000000    35.000000000000     4.000000000000  1000.000000000000     0.001000000047     3.000000000000    90.000000000000     0.004999999888     0.000010000000     0.016698077321     1.000000000000    23.545007705688
   335.000000000000    25.000000000000     8.000000000000  2000.000000000000    10.000000000000     5.000000000000    35.000000000000     4.000000000000  1000.000000000000     0.001000000047     3.000000000000    90.000000000000     0.004999999888     0.000010000000     0.020377323031     1.000000000000    24.436698913574
   335.000000000000    25.000000000000    10.000000000000  2000.000000000000    10.000000000000     5.000000000000    35.000000000000     4.000000000000  1000.000000000000     0.001000000047     3.000000000000    90.000000000000     0.004999999888     0.000010000000     0.019056558609     1.000000000000    13.561158180237
   335.000000000000    25.000000000000     4.000000000000  2000.000000000000    10.000000000000     6.000000000000    40.000000000000     4.000000000000  1000.000000000000     0.001000000047     3.000000000000    90.000000000000     0.004999999888     0.000010000000     0.019021540880     1.000000000000    15.279332160950
    25.000000000000    25.000000000000     4.000000000000  2000.000000000000    10.000000000000     5.000000000000    35.000000000000     4.000000000000  1000.000000000000     0.001000000047     3.000000000000    90.000000000000     0.004999999888     0.000010000000    -0.048962302506     1.000000000000     4.022929191589
    25.000000000000    25.000000000000     6.000000000000  2000.000000000000    10.000000000000     5.000000000000    35.000000000000     4.000000000000  1000.000000000000     0.001000000047     3.000000000000    90.000000000000     0.004999999888     0.000010000000    -0.081603839993     1.000000000000     0.860312521458
    25.000000000000    25.000000000000     8.000000000000  2000.000000000000    10.000000000000     5.000000000000    35.000000000000     4.000000000000  1000.000000000000     0.001000000047     3.000000000000    90.000000000000     0.004999999888     0.000010000000    -0.114245370030     1.000000000000     0.043908517808
    25.000000000000    25.000000000000    10.000000000000  2000.000000000000    10.000000000000     5.000000000000    35.000000000000     4.000000000000  1000.000000000000     0.001000000047     3.000000000000    90.000000000000     0.004999999888     0.000010000000    -0.146886914968     1.000000000000     4.728074073792
    25.000000000000    25.000000000000     4.000000000000  2000.000000000000    10.000000000000     6.000000000000    40.000000000000     4.000000000000  1000.000000000000     0.001000000047     3.000000000000    90.000000000000     0.004999999888     0.000010000000    -0.055956926197     1.000000000000     0.245377525687
    25.000000000000    25.000000000000     6.000000000000  2000.000000000000    10.000000000000     6.000000000000    40.000000000000     4.000000000000  1000.000000000000     0.001000000047     3.000000000000    90.000000000000     0.004999999888     0.000010000000    -0.093261539936     1.000000000000     0.104849711061
    25.000000000000    25.000000000000     8.000000000000  2000.000000000000    10.000000000000     6.000000000000    40.000000000000     4.000000000000  1000.000000000000     0.001000000047     3.000000000000    90.000000000000     0.004999999888     0.000010000000    -0.130566149950     1.000000000000     0.064355842769
    25.000000000000    25.000000000000    10.000000000000  2000.000000000000    10.000000000000     6.000000000000    40.000000000000     4.000000000000  1000.000000000000     0.001000000047     3.000000000000    90.000000000000     0.004999999888     0.000010000000    -0.167870789766     1.000000000000    13.707556724548
    25.000000000000    25.000000000000     4.000000000000  2000.000000000000    10.000000000000     3.000000000000    20.000000000000     4.000000000000  2000.000000000000     0.001000000047     3.000000000000    90.000000000000     0.004999999888     0.000010000000    -0.027978463098     1.000000000000     4.585340499878
   310.000000000000    50.000000000000     4.000000000000  2000.000000000000    10.000000000000     5.000000000000    35.000000000000     4.000000000000  1000.000000000000     0.001000000047     3.000000000000    90.000000000000     0.004999999888     0.000010000000     0.029932945967     1.000000000000    29.268678665161
   310.000000000000    50.000000000000     6.000000000000  2000.000000000000    10.000000000000     5.000000000000    35.000000000000     4.000000000000  1000.000000000000     0.001000000047     3.000000000000    90.000000000000     0.004999999888     0.000010000000     0.033221572638     1.000000000000    26.042083740234
    50.000000000000    50.000000000000     4.000000000000  2000.000000000000    10.000000000000     5.000000000000    35.000000000000     4.000000000000  1000.000000000000     0.001000000047     3.000000000000    90.000000000000     0.004999999888     0.000010000000    -0.125134125352     1.000000000000     5.621270656586
    50.000000000000    50.000000000000     6.000000000000  2000.000000000000    10.000000000000     5.000000000000    35.000000000000     4.000000000000  1000.000000000000     0.001000000047     3.000000000000    90.000000000000     0.004999999888     0.000010000000    -0.208556875587     1.000000000000     1.260541558266
    50.000000000000    50.000000000000     8.000000000000  2000.000000000000    10.000000000000     5.000000000000    35.000000000000     4.000000000000  1000.000000000000     0.001000000047     3.000000000000    90.000000000000     0.004999999888     0.000010000000    -0.291979640722     1.000000000000     0.264424860477
    50.000000000000    50.000000000000    10.000000000000  2000.000000000000    10.000000000000     5.000000000000    35.000000000000     4.000000000000  1000.000000000000     0.001000000047     3.000000000000    90.000000000000     0.004999999888     0.000010000000    -0.375402361155     1.000000000000     0.066335342824
    50.000000000000    50.000000000000     4.000000000000  2000.000000000000    10.000000000000     6.000000000000    40.000000000000     4.000000000000  1000.000000000000     0.001000000047     3.000000000000    90.000000000000     0.004999999888     0.000010000000    -0.143010437489     1.000000000000    11.373270988464
    50.000000000000    50.000000000000     6.000000000000  2000.000000000000    10.000000000000     6.000000000000    40.000000000000     4.000000000000  1000.000000000000     0.001000000047     3.000000000000    90.000000000000     0.004999999888     0.000010000000    -0.238350704312     1.000000000000     0.882865428925
    50.000000000000    50.000000000000     8.000000000000  2000.000000000000    10.000000000000     6.000000000000    40.000000000000     4.000000000000  1000.000000000000     0.001000000047     3.000000000000    90.000000000000     0.004999999888     0.000010000000    -0.333691030741     1.000000000000     0.252689033747
    50.000000000000    50.000000000000    10.000000000000  2000.000000000000    10.000000000000     6.000000000000    40.000000000000     4.000000000000  1000.000000000000     0.001000000047     3.000000000000    90.000000000000     0.004999999888     0.000010000000    -0.429031252861     1.000000000000     0.050100237131
    50.000000000000    50.000000000000     4.000000000000  2000.000000000000    10.000000000000     3.000000000000    20.000000000000     4.000000000000  2000.000000000000     0.001000000047     3.000000000000    90.000000000000     0.004999999888     0.000010000000    -0.071505218744     1.000000000000    16.449787139893
   335.000000000000    25.000000000000     4.000000000000   500.000000000000    15.000000000000     5.000000000000    35.000000000000     4.000000000000  1000.000000000000     0.001000000047     3.000000000000    90.000000000000     0.004999999888     0.000010000000     0.018018845469     1.000000000000     2.292417764664
   335.000000000000    25.000000000000     6.000000000000   500.000000000000    15.000000000000     5.000000000000    35.000000000000     4.000000000000  1000.000000000000     0.001000000047     3.000000000000    90.000000000000     0.004999999888     0.000010000000     0.016698077321     1.000000000000     1.698364615440
   335.000000000000    25.000000000000     8.000000000000   500.000000000000    15.000000000000     5.000000000000    35.000000000000     4.000000000000  1000.000000000000     0.001000000047     3.000000000000    90.000000000000     0.004999999888     0.000010000000     0.020377323031     1.000000000000     1.473420023918
    25.000000000000    25.000000000000     4.000000000000   500.000000000000    15.000000000000     5.000000000000    35.000000000000     4.000000000000  1000.000000000000     0.001000000047     3.000000000000    90.000000000000     0.004999999888     0.000010000000    -0.048962302506     1.000000000000     0.043473958969
    25.000000000000    25.000000000000     6.000000000000   500.000000000000    15.000000000000     5.000000000000    35.000000000000     4.000000000000  1000.000000000000     0.001000000047     3.000000000000    90.000000000000     0.004999999888     0.000010000000    -0.081603839993     1.000000000000     0.003285500919
    25.000000000000    25.000000000000     8.000000000000   500.000000000000    15.000000000000     5.000000000000    35.000000000000     4.000000000000  1000.000000000000     0.001000000047     3.000000000000    90.000000000000     0.004999999888     0.000010000000    -0.114245370030     1.000000000000     0.000452309294
    25.000000000000    25.000000000000    10.000000000000   500.000000000000    15.000000000000     5.000000000000    35.000000000000     4.000000000000  1000.000000000000     0.001000000047     3.000000000000    90.000000000000     0.004999999888     0.000010000000    -0.146886914968     1.000000000000     0.000139826079
    25.000000000000    25.000000000000     4.000000000000   500.000000000000    15.000000000000     6.000000000000    40.000000000000     4.000000000000  1000.000000000000     0.001000000047     3.000000000000    90.000000000000     0.004999999888     0.000010000000    -0.055956926197     1.000000000000     0.052749626338
    25.000000000000    25.000000000000     6.000000000000   500.000000000000    15.000000000000     6.000000000000    40.000000000000     4.000000000000  1000.000000000000     0.001000000047     3.000000000000    90.000000000000     0.004999999888     0.000010000000    -0.093261539936     1.000000000000     0.000613275450
   310.000000000000    50.000000000000     4.000000000000   500.000000000000    15.000000000000     5.000000000000    35.000000000000     4.000000000000  1000.000000000000     0.001000000047     3.000000000000    90.000000000000     0.004999999888     0.000010000000     0.029932945967     1.000000000000     3.492334365845
   310.000000000000    50.000000000000     6.000000000000   500.000000000000    15.000000000000     5.000000000000    35.000000000000     4.000000000000  1000.000000000000     0.001000000047     3.000000000000    90.000000000000     0.004999999888     0.000010000000     0.033221572638     1.000000000000     2.358033418655
   310.000000000000    50.000000000000     8.000000000000   500.000000000000    15.000000000000     5.000000000000    35.000000000000     4.000000000000  1000.000000000000     0.001000000047     3.000000000000    90.000000000000     0.004999999888     0.000010000000     0.031510174274     1.000000000000     1.407202005386
    50.000000000000    50.000000000000     4.000000000000   500.000000000000    15.000000000000     5.000000000000    35.000000000000     4.000000000000  1000.000000000000     0.001000000047     3.000000000000    90.000000000000     0.004999999888     0.000010000000    -0.125134125352     1.000000000000     0.059183105826
    50.000000000000    50.000000000000     6.000000000000   500.000000000000    15.000000000000     5.000000000000    35.000000000000     4.000000000000  1000.000000000000     0.001000000047     3.000000000000    90.000000000000     0.004999999888     0.000010000000    -0.208556875587     1.000000000000     0.005513795186
    50.000000000000    50.000000000000     8.000000000000   500.000000000000    15.000000000000     5.000000000000    35.000000000000     4.000000000000  1000.000000000000     0.001000000047     3.000000000000    90.000000000000     0.004999999888     0.000010000000    -0.291979640722     1.000000000000     0.000576686172
   335.000000000000    25.000000000000     4.000000000000  1000.000000000000    15.000000000000     5.000000000000    35.000000000000     4.000000000000  1000.000000000000     0.001000000047     3.000000000000    90.000000000000     0.004999999888     0.000010000000     0.018018845469     1.000000000000    21.363265991211
   335.000000000000    25.000000000000     6.000000000000  1000.000000000000    15.000000000000     5.000000000000    35.000000000000     4.000000000000  1000.000000000000     0.001000000047     3.000000000000    90.000000000000     0.004999999888     0.000010000000     0.016698077321     1.000000000000    16.571491241455
   335.000000000000    25.000000000000     8.000000000000  1000.000000000000    15.000000000000     5.000000000000    35.000000000000     4.000000000000  1000.000000000000     0.001000000047     3.000000000000    90.000000000000     0.004999999888     0.000010000000     0.020377323031     1.000000000000    18.134700775146
    25.000000000000    25.000000000000     4.000000000000  1000.000000000000    15.000000000000     5.000000000000    35.000000000000     4.000000000000  1000.000000000000     0.001000000047     3.000000000000    90.000000000000     0.004999999888     0.000010000000    -0.048962302506     1.000000000000     0.775960981846
    25.000000000000    25.000000000000     6.000000000000  1000.000000000000    15.000000000000     5.000000000000    35.000000000000     4.000000000000  1000.000000000000     0.001000000047     3.000000000000    90.000000000000     0.004999999888     0.000010000000    -0.081603839993     1.000000000000     0.063101343811
    25.000000000000    25.000000000000     8.000000000000  1000.000000000000    15.000000000000     5.000000000000    35.000000000000     4.000000000000  1000.000000000000     0.001000000047     3.000000000000    90.000000000000     0.004999999888     0.000010000000    -0.114245370030     1.000000000000     0.006620915141
   310.000000000000    50.000000000000     4.000000000000  1000.000000000000    15.000000000000     5.000000000000    35.000000000000     4.000000000000  1000.000000000000     0.001000000047     3.000000000000    90.000000000000     0.004999999888     0.000010000000     0.029932945967     1.000000000000    35.524227142334
   310.000000000000    50.000000000000     6.000000000000  1000.000000000000    15.000000000000     5.000000000000    35.000000000000     4.000000000000  1000.000000000000     0.001000000047     3.000000000000    90.000000000000     0.004999999888     0.000010000000     0.033221572638     1.000000000000    28.317314147949
    50.000000000000    50.000000000000     4.000000000000  1000.000000000000    15.000000000000     5.000000000000    35.000000000000     4.000000000000  1000.000000000000     0.001000000047     3.000000000000    90.000000000000     0.004999999888     0.000010000000    -0.125134125352     1.000000000000     1.093353033066
    50.000000000000    50.000000000000     6.000000000000  1000.000000000000    15.000000000000     5.000000000000    35.000000000000     4.000000000000  1000.000000000000     0.001000000047     3.000000000000    90.000000000000     0.004999999888     0.000010000000    -0.208556875587     1.000000000000     0.109843350947
    50.000000000000    50.000000000000     8.000000000000  1000.000000000000    15.000000000000     5.000000000000    35.000000000000     4.000000000000  1000.000000000000     0.001000000047     3.000000000000    90.000000000000     0.004999999888     0.000010000000    -0.291979640722     1.000000000000     0.014649686404
   335.000000000000    25.000000000000     4.000000000000  1500.000000000000    15.000000000000     5.000000000000    35.000000000000     4.000000000000  1000.000000000000     0.001000000047     3.000000000000    90.000000000000     0.004999999888     0.000010000000     0.018018845469     1.000000000000    14.636618614197
   335.000000000000    25.000000000000     6.000000000000  1500.000000000000    15.000000000000     5.000000000000    35.000000000000     4.000000000000  1000.000000000000     0.001000000047     3.000000000000    90.000000000000     0.004999999888     0.000010000000     0.016698077321     1.000000000000    12.749373435974
   335.000000000000    25.000000000000     8.000000000000  1500.000000000000    15.000000000000     5.000000000000    35.000000000000     4.000000000000  1000.000000000000     0.001000000047     3.000000000000    90.000000000000     0.004999999888     0.000010000000     0.020377323031     1.000000000000    19.312997817993
   335.000000000000    25.000000000000    10.000000000000  1500.000000000000    15.000000000000     5.000000000000    35.000000000000     4.000000000000  1000.000000000000     0.001000000047     3.000000000000    90.000000000000     0.004999999888     0.000010000000     0.019056558609     1.000000000000    16.329408645630
   335.000000000000    25.000000000000     4.000000000000  1500.000000000000    15.000000000000     6.000000000000    40.000000000000     4.000000000000  1000.000000000000     0.001000000047     3.000000000000    90.000000000000     0.004999999888     0.000010000000     0.019021540880     1.000000000000    20.475734710693
   335.000000000000    25.000000000000     6.000000000000  1500.000000000000    15.000000000000     6.000000000000    40.000000000000     4.000000000000  1000.000000000000     0.001000000047     3.000000000000    90.000000000000     0.004999999888     0.000010000000     0.020369224250     1.000000000000     9.477189064026
   335.000000000000    25.000000000000     8.000000000000  1500.000000000000    15.000000000000     6.000000000000    40.000000000000     4.000000000000  1000.000000000000     0.001000000047     3.000000000000    90.000000000000     0.004999999888     0.000010000000     0.016716912389     1.000000000000     7.304687023163
    25.000000000000    25.000000000000     4.000000000000  1500.000000000000    15.000000000000     5.000000000000    35.000000000000     4.000000000000  1000.000000000000     0.001000000047     3.000000000000    90.000000000000     0.004999999888     0.000010000000    -0.048962302506     1.000000000000     2.698039770126
    25.000000000000    25.000000000000     6.000000000000  1500.000000000000    15.000000000000     5.000000000000    35.000000000000     4.000000000000  1000.000000000000     0.001000000047     3.000000000000    90.000000000000     0.004999999888     0.000010000000    -0.081603839993     1.000000000000     0.330463379622
    25.000000000000    25.000000000000     8.000000000000  1500.000000000000    15.000000000000     5.000000000000    35.000000000000     4.000000000000  1000.000000000000     0.001000000047     3.000000000000    90.000000000000     0.004999999888     0.000010000000    -0.114245370030     1.000000000000     0.034018315375
   310.000000000000    50.000000000000     4.000000000000  1500.000000000000    15.000000000000     5.000000000000    35.000000000000     4.000000000000  1000.000000000000     0.001000000047     3.000000000000    90.000000000000     0.004999999888     0.000010000000     0.029932945967     1.000000000000    32.489322662354
   310.000000000000    50.000000000000     6.000000000000  1500.000000000000    15.000000000000     5.000000000000    35.000000000000     4.000000000000  1000.000000000000     0.001000000047     3.000000000000    90.000000000000     0.004999999888     0.000010000000     0.033221572638     1.000000000000    28.817314147949
    50.000000000000    50.000000000000     4.000000000000  1500.000000000000    15.000000000000     5.000000000000    35.000000000000     4.000000000000  1000.000000000000     0.001000000047     3.000000000000    90.000000000000     0.004999999888     0.000010000000    -0.125134125352     1.000000000000     3.866937398911
    50.000000000000    50.000000000000     6.000000000000  1500.000000000000    15.000000000000     5.000000000000    35.000000000000     4.000000000000  1000.000000000000     0.001000000047     3.000000000000    90.000000000000     0.004999999888     0.000010000000    -0.208556875587     1.000000000000     0.548017978668
    50.000000000000    50.000000000000     8.000000000000  1500.000000000000    15.000000000000     5.000000000000    35.000000000000     4.000000000000  1000.000000000000     0.001000000047     3.000000000000    90.000000000000     0.004999999888     0.000010000000    -0.291979640722     1.000000000000     0.084128245711
   335.000000000000    25.000000000000     4.000000000000  2000.000000000000    15.000000000000     5.000000000000    35.000000000000     4.000000000000  1000.000000000000     0.001000000047     3.000000000000    90.000000000000     0.004999999888     0.000010000000     0.018018845469     1.000000000000    12.341111183167
   335.000000000000    25.000000000000     6.000000000000  2000.000000000000    15.000000000000     5.000000000000    35.000000000000     4.000000000000  1000.000000000000     0.001000000047     3.000000000000    90.000000000000     0.004999999888     0.000010000000     0.016698077321     1.000000000000    23.259426116943
   335.000000000000    25.000000000000     8.000000000000  2000.000000000000    15.000000000000     5.000000000000    35.000000000000     4.000000000000  1000.000000000000     0.001000000047     3.000000000000    90.000000000000     0.004999999888     0.000010000000     0.020377323031     1.000000000000    24.653232574463
    25.000000000000    25.000000000000     4.000000000000  2000.000000000000    15.000000000000     5.000000000000    35.000000000000     4.000000000000  1000.000000000000     0.001000000047     3.000000000000    90.000000000000     0.004999999888     0.000010000000    -0.048962302506     1.000000000000     4.078866958618
    25.000000000000    25.000000000000     6.000000000000  2000.000000000000    15.000000000000     5.000000000000    35.000000000000     4.000000000000  1000.000000000000     0.001000000047     3.000000000000    90.000000000000     0.004999999888     0.000010000000    -0.081603839993     1.000000000000     0.816765129566
    25.000000000000    25.000000000000     8.000000000000  2000.000000000000    15.000000000000     5.000000000000    35.000000000000     4.000000000000  1000.000000000000     0.001000000047     3.000000000000    90.000000000000     0.004999999888     0.000010000000    -0.114245370030     1.000000000000     0.087052114308
   310.000000000000    50.000000000000     4.000000000000  2000.000000000000    15.000000000000     5.000000000000    35.000000000000     4.000000000000  1000.000000000000     0.001000000047     3.000000000000    90.000000000000     0.004999999888     0.000010000000     0.029932945967     1.000000000000    29.178550720215
   310.000000000000    50.000000000000     6.000000000000  2000.000000000000    15.000000000000     5.000000000000    35.000000000000     4.000000000000  1000.000000000000     0.001000000047     3.000000000000    90.000000000000     0.004999999888     0.000010000000     0.033221572638     1.000000000000    25.727628707886
    50.000000000000    50.000000000000     4.000000000000  2000.000000000000    15.000000000000     5.000000000000    35.000000000000     4.000000000000  1000.000000000000     0.001000000047     3.000000000000    90.000000000000     0.004999999888     0.000010000000    -0.125134125352     1.000000000000     5.714445590973
    50.000000000000    50.000000000000     6.000000000000  2000.000000000000    15.000000000000     5.000000000000    35.000000000000     4.000000000000  1000.000000000000     0.001000000047     3.000000000000    90.000000000000     0.004999999888     0.000010000000    -0.208556875587     1.000000000000     1.284538984299
   335.000000000000    25.000000000000     4.000000000000   500.000000000000    20.000000000000     5.000000000000    35.000000000000     4.000000000000  1000.000000000000     0.001000000047     3.000000000000    90.000000000000     0.004999999888     0.000010000000     0.018018845469     1.000000000000     2.339657545090
   335.000000000000    25.000000000000     6.000000000000   500.000000000000    20.000000000000     5.000000000000    35.000000000000     4.000000000000  1000.000000000000     0.001000000047     3.000000000000    90.000000000000     0.004999999888     0.000010000000     0.016698077321     1.000000000000     1.689622879028
   335.000000000000    25.000000000000     8.000000000000   500.000000000000    20.000000000000     5.000000000000    35.000000000000     4.000000000000  1000.000000000000     0.001000000047     3.000000000000    90.000000000000     0.004999999888     0.000010000000     0.020377323031     1.000000000000     1.438234448433
    25.000000000000    25.000000000000     4.000000000000   500.000000000000    20.000000000000     5.000000000000    35.000000000000     4.000000000000  1000.000000000000     0.001000000047     3.000000000000    90.000000000000     0.004999999888     0.000010000000    -0.048962302506     1.000000000000     0.043903026730
    25.000000000000    25.000000000000     6.000000000000   500.000000000000    20.000000000000     5.000000000000    35.000000000000     4.000000000000  1000.000000000000     0.001000000047     3.000000000000    90.000000000000     0.004999999888     0.000010000000    -0.081603839993     1.000000000000     0.002883576788
    25.000000000000    25.000000000000     8.000000000000   500.000000000000    20.000000000000     5.000000000000    35.000000000000     4.000000000000  1000.000000000000     0.001000000047     3.000000000000    90.000000000000     0.004999999888     0.000010000000    -0.114245370030     1.000000000000     0.000333494449
   310.000000000000    50.000000000000     4.000000000000   500.000000000000    20.000000000000     5.000000000000    35.000000000000     4.000000000000  1000.000000000000     0.001000000047     3.000000000000    90.000000000000     0.004999999888     0.000010000000     0.029932945967     1.000000000000     3.452484846115
   310.000000000000    50.000000000000     6.000000000000   500.000000000000    20.000000000000     5.000000000000    35.000000000000     4.000000000000  1000.000000000000     0.001000000047     3.000000000000    90.000000000000     0.004999999888     0.000010000000     0.033221572638     1.000000000000     2.330739736557
    50.000000000000    50.000000000000     4.000000000000   500.000000000000    20.000000000000     5.000000000000    35.000000000000     4.000000000000  1000.000000000000     0.001000000047     3.000000000000    90.000000000000     0.004999999888     0.000010000000    -0.125134125352     1.000000000000     0.061941228807
    50.000000000000    50.000000000000     6.000000000000   500.000000000000    20.000000000000     5.000000000000    35.000000000000     4.000000000000  1000.000000000000     0.001000000047     3.000000000000    90.000000000000     0.004999999888     0.000010000000    -0.208556875587     1.000000000000     0.005630485713
    50.000000000000    50.000000000000     8.000000000000   500.000000000000    20.000000000000     5.000000000000    35.000000000000     4.000000000000  1000.000000000000     0.001000000047     3.000000000000    90.000000000000     0.004999999888     0.000010000000    -0.291979640722     1.000000000000     0.000467867125
    50.000000000000    50.000000000000    10.000000000000   500.000000000000    20.000000000000     5.000000000000    35.000000000000     4.000000000000  1000.000000000000     0.001000000047     3.000000000000    90.000000000000     0.004999999888     0.000010000000    -0.375402361155     1.000000000000     0.000104865998
    50.000000000000    50.000000000000     4.000000000000   500.000000000000    20.000000000000     6.000000000000    40.000000000000     4.000000000000  1000.000000000000     0.001000000047     3.000000000000    90.000000000000     0.004999999888     0.000010000000    -0.143010437489     1.000000000000     0.036928914487
    50.000000000000    50.000000000000     6.000000000000   500.000000000000    20.000000000000     6.000000000000    40.000000000000     4.000000000000  1000.000000000000     0.001000000047     3.000000000000    90.000000000000     0.004999999888     0.000010000000    -0.238350704312     1.000000000000     0.001861872966
    50.000000000000    50.000000000000     8.000000000000   500.000000000000    20.000000000000     6.000000000000    40.000000000000     4.000000000000  1000.000000000000     0.001000000047     3.000000000000    90.000000000000     0.004999999888     0.000010000000    -0.333691030741     1.000000000000     0.000427700899
    50.000000000000    50.000000000000    10.000000000000   500.000000000000    20.000000000000     6.000000000000    40.000000000000     4.000000000000  1000.000000000000     0.001000000047     3.000000000000    90.000000000000     0.004999999888     0.000010000000    -0.429031252861     1.000000000000     0.000099344194
    50.000000000000    50.000000000000     4.000000000000   500.000000000000    20.000000000000     3.000000000000    20.000000000000     4.000000000000  2000.000000000000     0.001000000047     3.000000000000    90.000000000000     0.004999999888     0.000010000000    -0.071505218744     1.000000000000     0.139102250338
    50.000000000000    50.000000000000     6.000000000000   500.000000000000    20.000000000000     3.000000000000    20.000000000000     4.000000000000  2000.000000000000     0.001000000047     3.000000000000    90.000000000000     0.004999999888     0.000010000000    -0.119175344706     1.000000000000     0.021973768249
   335.000000000000    25.000000000000     4.000000000000  1000.000000000000    20.000000000000     5.000000000000    35.000000000000     4.000000000000  1000.000000000000     0.001000000047     3.000000000000    90.000000000000     0.004999999888     0.000010000000     0.018018845469     1.000000000000    21.672210693359
   335.000000000000    25.000000000000     6.000000000000  1000.000000000000    20.000000000000     5.000000000000    35.000000000000     4.000000000000  1000.000000000000     0.001000000047     3.000000000000    90.000000000000     0.004999999888     0.000010000000     0.016698077321     1.000000000000    16.459558486938
   335.000000000000    25.000000000000     8.000000000000  1000.000000000000    20.000000000000     5.000000000000    35.000000000000     4.000000000000  1000.000000000000     0.001000000047     3.000000000000    90.000000000000     0.004999999888     0.000010000000     0.020377323031     1.000000000000    17.964290618896
    25.000000000000    25.000000000000     4.000000000000  1000.000000000000    20.000000000000     5.000000000000    35.000000000000     4.000000000000  1000.000000000000     0.001000000047     3.000000000000    90.000000000000     0.004999999888     0.000010000000    -0.048962302506     1.000000000000     0.769353747368
    25.000000000000    25.000000000000     6.000000000000  1000.000000000000    20.000000000000     5.000000000000    35.000000000000     4.000000000000  1000.000000000000     0.001000000047     3.000000000000    90.000000000000     0.004999999888     0.000010000000    -0.081603839993     1.000000000000     0.062814973295
    25.000000000000    25.000000000000     8.000000000000  1000.000000000000    20.000000000000     5.000000000000    35.000000000000     4.000000000000  1000.000000000000     0.001000000047     3.000000000000    90.000000000000     0.004999999888     0.000010000000    -0.114245370030     1.000000000000     0.007986480370
   310.000000000000    50.000000000000     4.000000000000  1000.000000000000    20.000000000000     5.000000000000    35.000000000000     4.000000000000  1000.000000000000     0.001000000047     3.000000000000    90.000000000000     0.004999999888     0.000010000000     0.029932945967     1.000000000000    35.370540618896
   310.000000000000    50.000000000000     6.000000000000  1000.000000000000    20.000000000000     5.000000000000    35.000000000000     4.000000000000  1000.000000000000     0.001000000047     3.000000000000    90.000000000000     0.004999999888     0.000010000000     0.033221572638     1.000000000000    28.629697799683
    50.000000000000    50.000000000000     4.000000000000  1000.000000000000    20.000000000000     5.000000000000    35.000000000000     4.000000000000  1000.000000000000     0.001000000047     3.000000000000    90.000000000000     0.004999999888     0.000010000000    -0.125134125352     1.000000000000     1.047773838043
    50.000000000000    50.000000000000     6.000000000000  1000.000000000000    20.000000000000     5.000000000000    35.000000000000     4.000000000000  1000.000000000000     0.001000000047     3.000000000000    90.000000000000     0.004999999888     0.000010000000    -0.208556875587     1.000000000000     0.111668586731
    50.000000000000    50.000000000000     8.000000000000  1000.000000000000    20.000000000000     5.000000000000    35.000000000000     4.000000000000  1000.000000000000     0.001000000047     3.000000000000    90.000000000000     0.004999999888     0.000010000000    -0.291979640722     1.000000000000     0.016190391034
   335.000000000000    25.000000000000     4.000000000000  1500.000000000000    20.000000000000     5.000000000000    35.000000000000     4.000000000000  1000.000000000000     0.001000000047     3.000000000000    90.000000000000     0.004999999888     0.000010000000     0.018018845469     1.000000000000    14.434112548828
   335.000000000000    25.000000000000     6.000000000000  1500.000000000000    20.000000000000     5.000000000000    35.000000000000     4.000000000000  1000.000000000000     0.001000000047     3.000000000000    90.000000000000     0.004999999888     0.000010000000     0.016698077321     1.000000000000    12.972321510315
   335.000000000000    25.000000000000     8.000000000000  1500.000000000000    20.000000000000     5.000000000000    35.000000000000     4.000000000000  1000.000000000000     0.001000000047     3.000000000000    90.000000000000     0.004999999888     0.000010000000     0.020377323031     1.000000000000    19.369056701660
   335.000000000000    25.000000000000    10.000000000000  1500.000000000000    20.000000000000     5.000000000000    35.000000000000     4.000000000000  1000.000000000000     0.001000000047     3.000000000000    90.000000000000     0.004999999888     0.000010000000     0.019056558609     1.000000000000    16.400817871094
   335.000000000000    25.000000000000     4.000000000000  1500.000000000000    20.000000000000     6.000000000000    40.000000000000     4.000000000000  1000.000000000000     0.001000000047     3.000000000000    90.000000000000     0.004999999888     0.000010000000     0.019021540880     1.000000000000    20.466638565063
    25.000000000000    25.000000000000     4.000000000000  1500.000000000000    20.000000000000     5.000000000000    35.000000000000     4.000000000000  1000.000000000000     0.001000000047     3.000000000000    90.000000000000     0.004999999888     0.000010000000    -0.048962302506     1.000000000000     2.683568000793
    25.000000000000    25.000000000000     6.000000000000  1500.000000000000    20.000000000000     5.000000000000    35.000000000000     4.000000000000  1000.000000000000     0.001000000047     3.000000000000    90.000000000000     0.004999999888     0.000010000000    -0.081603839993     1.000000000000     0.316683530807
   310.000000000000    50.000000000000     4.000000000000  1500.000000000000    20.000000000000     5.000000000000    35.000000000000     4.000000000000  1000.000000000000     0.001000000047     3.000000000000    90.000000000000     0.004999999888     0.000010000000     0.029932945967     1.000000000000    32.519306182861
   310.000000000000    50.000000000000     6.000000000000  1500.000000000000    20.000000000000     5.000000000000    35.000000000000     4.000000000000  1000.000000000000     0.001000000047     3.000000000000    90.000000000000     0.004999999888     0.000010000000     0.033221572638     1.000000000000    28.567960739136
    50.000000000000    50.000000000000     4.000000000000  1500.000000000000    20.000000000000     5.000000000000    35.000000000000     4.000000000000  1000.000000000000     0.001000000047     3.000000000000    90.000000000000     0.004999999888     0.000010000000    -0.125134125352     1.000000000000     3.789163827896
    50.000000000000    50.000000000000     6.000000000000  1500.000000000000    20.000000000000     5.000000000000    35.000000000000     4.000000000000  1000.000000000000     0.001000000047     3.000000000000    90.000000000000     0.004999999888     0.000010000000    -0.208556875587     1.000000000000     0.558993160725
    50.000000000000    50.000000000000     8.000000000000  1500.000000000000    20.000000000000     5.000000000000    35.000000000000     4.000000000000  1000.000000000000     0.001000000047     3.000000000000    90.000000000000     0.004999999888     0.000010000000    -0.291979640722     1.000000000000     0.076986640692
   335.000000000000    25.000000000000     4.000000000000  2000.000000000000    20.000000000000     5.000000000000    35.000000000000     4.000000000000  1000.000000000000     0.001000000047     3.000000000000    90.000000000000     0.004999999888     0.000010000000     0.018018845469     1.000000000000    12.334387779236
   335.000000000000    25.000000000000     6.000000000000  2000.000000000000    20.000000000000     5.000000000000    35.000000000000     4.000000000000  1000.000000000000     0.001000000047     3.000000000000    90.000000000000     0.004999999888     0.000010000000     0.016698077321     1.000000000000    23.339872360229
    25.000000000000    25.000000000000     4.000000000000  2000.000000000000    20.000000000000     5.000000000000    35.000000000000     4.000000000000  1000.000000000000     0.001000000047     3.000000000000    90.000000000000     0.004999999888     0.000010000000    -0.048962302506     1.000000000000     4.134527683258
    25.000000000000    25.000000000000     6.000000000000  2000.000000000000    20.000000000000     5.000000000000    35.000000000000     4.000000000000  1000.000000000000     0.001000000047     3.000000000000    90.000000000000     0.004999999888     0.000010000000    -0.081603839993     1.000000000000     0.820962071419
    25.000000000000    25.000000000000     8.000000000000  2000.000000000000    20.000000000000     5.000000000000    35.000000000000     4.000000000000  1000.000000000000     0.001000000047     3.000000000000    90.000000000000     0.004999999888     0.000010000000    -0.114245370030     1.000000000000     0.104903437197
    25.000000000000    25.000000000000    10.000000000000  2000.000000000000    20.000000000000     5.000000000000    35.000000000000     4.000000000000  1000.000000000000     0.001000000047     3.000000000000    90.000000000000     0.004999999888     0.000010000000    -0.146886914968     1.000000000000     0.055705685169
    25.000000000000    25.000000000000     4.000000000000  2000.000000000000    20.000000000000     6.000000000000    40.000000000000     4.000000000000  1000.000000000000     0.001000000047     3.000000000000    90.000000000000     0.004999999888     0.000010000000    -0.055956926197     1.000000000000     4.700833797455
    25.000000000000    25.000000000000     6.000000000000  2000.000000000000    20.000000000000     6.000000000000    40.000000000000     4.000000000000  1000.000000000000     0.001000000047     3.000000000000    90.000000000000     0.004999999888     0.000010000000    -0.093261539936     1.000000000000     0.282997310162
   310.000000000000    50.000000000000     4.000000000000  2000.000000000000    20.000000000000     5.000000000000    35.000000000000     4.000000000000  1000.000000000000     0.001000000047     3.000000000000    90.000000000000     0.004999999888     0.000010000000     0.029932945967     1.000000000000    29.408983230591
   310.000000000000    50.000000000000     6.000000000000  2000.000000000000    20.000000000000     5.000000000000    35.000000000000     4.000000000000  1000.000000000000     0.001000000047     3.000000000000    90.000000000000     0.004999999888     0.000010000000     0.033221572638     1.000000000000    25.579471588135
    50.000000000000    50.000000000000     4.000000000000  2000.000000000000    20.000000000000     5.000000000000    35.000000000000     4.000000000000  1000.000000000000     0.001000000047     3.000000000000    90.000000000000     0.004999999888     0.000010000000    -0.125134125352     1.000000000000     5.675591468811
    50.000000000000    50.000000000000     6.000000000000  2000.000000000000    20.000000000000     5.000000000000    35.000000000000     4.000000000000  1000.000000000000     0.001000000047     3.000000000000    90.000000000000     0.004999999888     0.000010000000    -0.208556875587     1.000000000000     1.259103775024
    50.000000000000    50.000000000000     8.000000000000  2000.000000000000    20.000000000000     5.000000000000    35.000000000000     4.000000000000  1000.000000000000     0.001000000047     3.000000000000    90.000000000000     0.004999999888     0.000010000000    -0.291979640722     1.000000000000     0.282323956490
