 
   335.000000000000    25.000000000000     4.000000000000   500.000000000000     5.000000000000     3.000000000000    20.000000000000     4.000000000000  4000.000000000000     0.001000000047    12.000000000000    90.000000000000     0.004999999888     0.000010000000     0.014510769397     1.000000000000     0.217209681869
   335.000000000000    25.000000000000     4.000000000000  1500.000000000000     5.000000000000     3.000000000000    20.000000000000     4.000000000000  4000.000000000000     0.001000000047    12.000000000000    90.000000000000     0.004999999888     0.000010000000     0.014510769397     1.000000000000     5.202574253082
   335.000000000000    25.000000000000     6.000000000000  1500.000000000000     5.000000000000     3.000000000000    20.000000000000     4.000000000000  4000.000000000000     0.001000000047    12.000000000000    90.000000000000     0.004999999888     0.000010000000     0.015184614807     1.000000000000     5.150180816650
   335.000000000000    25.000000000000     8.000000000000  1500.000000000000     5.000000000000     3.000000000000    20.000000000000     4.000000000000  4000.000000000000     0.001000000047    12.000000000000    90.000000000000     0.004999999888     0.000010000000     0.015858463943     1.000000000000     5.036664009094
    50.000000000000    50.000000000000     4.000000000000  1500.000000000000     5.000000000000     3.000000000000    20.000000000000     4.000000000000  4000.000000000000     0.001000000047    12.000000000000    90.000000000000     0.004999999888     0.000010000000    -0.071505218744     1.000000000000     0.771918535233
    25.000000000000    25.000000000000     4.000000000000   500.000000000000    10.000000000000     3.000000000000    20.000000000000     4.000000000000  4000.000000000000     0.001000000047    12.000000000000    90.000000000000     0.004999999888     0.000010000000    -0.027978463098     1.000000000000     0.000000594767
    25.000000000000    25.000000000000     4.000000000000  1000.000000000000    10.000000000000     3.000000000000    20.000000000000     4.000000000000  4000.000000000000     0.001000000047    12.000000000000    90.000000000000     0.004999999888     0.000010000000    -0.027978463098     1.000000000000     0.000300745654
    25.000000000000    25.000000000000     6.000000000000  1000.000000000000    10.000000000000     3.000000000000    20.000000000000     4.000000000000  4000.000000000000     0.001000000047    12.000000000000    90.000000000000     0.004999999888     0.000010000000    -0.046630769968     1.000000000000     0.000130003129
    25.000000000000    25.000000000000     8.000000000000  1000.000000000000    10.000000000000     3.000000000000    20.000000000000     4.000000000000  4000.000000000000     0.001000000047    12.000000000000    90.000000000000     0.004999999888     0.000010000000    -0.065283074975     1.000000000000     0.000171396474
    50.000000000000    50.000000000000     4.000000000000  1000.000000000000    10.000000000000     3.000000000000    20.000000000000     4.000000000000  4000.000000000000     0.001000000047    12.000000000000    90.000000000000     0.004999999888     0.000010000000    -0.071505218744     1.000000000000     0.000079158548
    50.000000000000    50.000000000000     6.000000000000  1000.000000000000    10.000000000000     3.000000000000    20.000000000000     4.000000000000  4000.000000000000     0.001000000047    12.000000000000    90.000000000000     0.004999999888     0.000010000000    -0.119175344706     1.000000000000     0.000047496509
    50.000000000000    50.000000000000     8.000000000000  1000.000000000000    10.000000000000     3.000000000000    20.000000000000     4.000000000000  4000.000000000000     0.001000000047    12.000000000000    90.000000000000     0.004999999888     0.000010000000    -0.166845500469     1.000000000000     0.000054179491
    50.000000000000    50.000000000000     4.000000000000  2000.000000000000    10.000000000000     3.000000000000    20.000000000000     4.000000000000  4000.000000000000     0.001000000047    12.000000000000    90.000000000000     0.004999999888     0.000010000000    -0.071505218744     1.000000000000     0.002778402995
    50.000000000000    50.000000000000     6.000000000000  2000.000000000000    10.000000000000     3.000000000000    20.000000000000     4.000000000000  4000.000000000000     0.001000000047    12.000000000000    90.000000000000     0.004999999888     0.000010000000    -0.119175344706     1.000000000000     0.003224054351
    25.000000000000    25.000000000000     4.000000000000   500.000000000000    15.000000000000     3.000000000000    20.000000000000     4.000000000000  4000.000000000000     0.001000000047    12.000000000000    90.000000000000     0.004999999888     0.000010000000    -0.027978463098     1.000000000000     0.000002492899
    50.000000000000    50.000000000000     4.000000000000   500.000000000000    15.000000000000     3.000000000000    20.000000000000     4.000000000000  4000.000000000000     0.001000000047    12.000000000000    90.000000000000     0.004999999888     0.000010000000    -0.071505218744     1.000000000000     0.000001251289
    25.000000000000    25.000000000000     4.000000000000  1000.000000000000    15.000000000000     3.000000000000    20.000000000000     4.000000000000  4000.000000000000     0.001000000047    12.000000000000    90.000000000000     0.004999999888     0.000010000000    -0.027978463098     1.000000000000     0.000199410162
    25.000000000000    25.000000000000     6.000000000000  1000.000000000000    15.000000000000     3.000000000000    20.000000000000     4.000000000000  4000.000000000000     0.001000000047    12.000000000000    90.000000000000     0.004999999888     0.000010000000    -0.046630769968     1.000000000000     0.000286579481
    25.000000000000    25.000000000000     8.000000000000  1000.000000000000    15.000000000000     3.000000000000    20.000000000000     4.000000000000  4000.000000000000     0.001000000047    12.000000000000    90.000000000000     0.004999999888     0.000010000000    -0.065283074975     1.000000000000     0.000255412655
    25.000000000000    25.000000000000    10.000000000000  1000.000000000000    15.000000000000     3.000000000000    20.000000000000     4.000000000000  4000.000000000000     0.001000000047    12.000000000000    90.000000000000     0.004999999888     0.000010000000    -0.083935394883     1.000000000000     0.000204235432
    25.000000000000    25.000000000000     4.000000000000  1000.000000000000    15.000000000000     4.000000000000    20.000000000000     4.000000000000  4000.000000000000     0.001000000047    12.000000000000    90.000000000000     0.004999999888     0.000010000000    -0.027978463098     1.000000000000     0.000252619298
    50.000000000000    50.000000000000     4.000000000000  1000.000000000000    15.000000000000     3.000000000000    20.000000000000     4.000000000000  4000.000000000000     0.001000000047    12.000000000000    90.000000000000     0.004999999888     0.000010000000    -0.071505218744     1.000000000000     0.000056672819
    25.000000000000    25.000000000000     4.000000000000  1500.000000000000    15.000000000000     3.000000000000    20.000000000000     4.000000000000  4000.000000000000     0.001000000047    12.000000000000    90.000000000000     0.004999999888     0.000010000000    -0.027978463098     1.000000000000     0.001501439605
    25.000000000000    25.000000000000     6.000000000000  1500.000000000000    15.000000000000     3.000000000000    20.000000000000     4.000000000000  4000.000000000000     0.001000000047    12.000000000000    90.000000000000     0.004999999888     0.000010000000    -0.046630769968     1.000000000000     0.001777100842
    50.000000000000    50.000000000000     4.000000000000  1500.000000000000    15.000000000000     3.000000000000    20.000000000000     4.000000000000  4000.000000000000     0.001000000047    12.000000000000    90.000000000000     0.004999999888     0.000010000000    -0.071505218744     1.000000000000     0.000740483229
    50.000000000000    50.000000000000     6.000000000000  1500.000000000000    15.000000000000     3.000000000000    20.000000000000     4.000000000000  4000.000000000000     0.001000000047    12.000000000000    90.000000000000     0.004999999888     0.000010000000    -0.119175344706     1.000000000000     0.000590891694
    50.000000000000    50.000000000000     8.000000000000  1500.000000000000    15.000000000000     3.000000000000    20.000000000000     4.000000000000  4000.000000000000     0.001000000047    12.000000000000    90.000000000000     0.004999999888     0.000010000000    -0.166845500469     1.000000000000     0.000574974343
    25.000000000000    25.000000000000     4.000000000000  2000.000000000000    15.000000000000     3.000000000000    20.000000000000     4.000000000000  4000.000000000000     0.001000000047    12.000000000000    90.000000000000     0.004999999888     0.000010000000    -0.027978463098     1.000000000000     0.006570901722
    25.000000000000    25.000000000000     6.000000000000  2000.000000000000    15.000000000000     3.000000000000    20.000000000000     4.000000000000  4000.000000000000     0.001000000047    12.000000000000    90.000000000000     0.004999999888     0.000010000000    -0.046630769968     1.000000000000     0.005563130602
    25.000000000000    25.000000000000     8.000000000000  2000.000000000000    15.000000000000     3.000000000000    20.000000000000     4.000000000000  4000.000000000000     0.001000000047    12.000000000000    90.000000000000     0.004999999888     0.000010000000    -0.065283074975     1.000000000000     0.003605311969
    50.000000000000    50.000000000000     4.000000000000  2000.000000000000    15.000000000000     3.000000000000    20.000000000000     4.000000000000  4000.000000000000     0.001000000047    12.000000000000    90.000000000000     0.004999999888     0.000010000000    -0.071505218744     1.000000000000     0.002709636930
    50.000000000000    50.000000000000     6.000000000000  2000.000000000000    15.000000000000     3.000000000000    20.000000000000     4.000000000000  4000.000000000000     0.001000000047    12.000000000000    90.000000000000     0.004999999888     0.000010000000    -0.119175344706     1.000000000000     0.002188474406
    25.000000000000    25.000000000000     4.000000000000   500.000000000000    20.000000000000     3.000000000000    20.000000000000     4.000000000000  4000.000000000000     0.001000000047    12.000000000000    90.000000000000     0.004999999888     0.000010000000    -0.027978463098     1.000000000000     0.000009416790
    50.000000000000    50.000000000000     4.000000000000   500.000000000000    20.000000000000     3.000000000000    20.000000000000     4.000000000000  4000.000000000000     0.001000000047    12.000000000000    90.000000000000     0.004999999888     0.000010000000    -0.071505218744     1.000000000000     0.000000540922
    50.000000000000    50.000000000000     4.000000000000  1000.000000000000    20.000000000000     3.000000000000    20.000000000000     4.000000000000  4000.000000000000     0.001000000047    12.000000000000    90.000000000000     0.004999999888     0.000010000000    -0.071505218744     1.000000000000     0.000060062601
   335.000000000000    25.000000000000     4.000000000000  1500.000000000000    20.000000000000     3.000000000000    20.000000000000     4.000000000000  4000.000000000000     0.001000000047    12.000000000000    90.000000000000     0.004999999888     0.000010000000     0.014510769397     1.000000000000     5.120747566223
    25.000000000000    25.000000000000     4.000000000000  1500.000000000000    20.000000000000     3.000000000000    20.000000000000     4.000000000000  4000.000000000000     0.001000000047    12.000000000000    90.000000000000     0.004999999888     0.000010000000    -0.027978463098     1.000000000000     0.002224044176
    25.000000000000    25.000000000000     6.000000000000  1500.000000000000    20.000000000000     3.000000000000    20.000000000000     4.000000000000  4000.000000000000     0.001000000047    12.000000000000    90.000000000000     0.004999999888     0.000010000000    -0.046630769968     1.000000000000     0.001397769083
    25.000000000000    25.000000000000     4.000000000000  2000.000000000000    20.000000000000     3.000000000000    20.000000000000     4.000000000000  4000.000000000000     0.001000000047    12.000000000000    90.000000000000     0.004999999888     0.000010000000    -0.027978463098     1.000000000000     0.004408399574
    25.000000000000    25.000000000000     6.000000000000  2000.000000000000    20.000000000000     3.000000000000    20.000000000000     4.000000000000  4000.000000000000     0.001000000047    12.000000000000    90.000000000000     0.004999999888     0.000010000000    -0.046630769968     1.000000000000     0.005477399565
    50.000000000000    50.000000000000     4.000000000000  2000.000000000000    20.000000000000     3.000000000000    20.000000000000     4.000000000000  4000.000000000000     0.001000000047    12.000000000000    90.000000000000     0.004999999888     0.000010000000    -0.071505218744     1.000000000000     0.002916391240
