 
   335.000000000000    25.000000000000     8.000000000000   500.000000000000     5.000000000000     6.000000000000    20.000000000000     4.000000000000  1000.000000000000     0.001000000047    12.000000000000    90.000000000000     0.004999999888     0.000010000000     0.014358460903     1.000000000000     0.456967651844
   335.000000000000    25.000000000000    10.000000000000   500.000000000000     5.000000000000     6.000000000000    20.000000000000     4.000000000000  1000.000000000000     0.001000000047    12.000000000000    90.000000000000     0.004999999888     0.000010000000     0.015032298863     1.000000000000     0.340402722359
   335.000000000000    25.000000000000     4.000000000000   500.000000000000     5.000000000000     4.000000000000    30.000000000000     4.000000000000  1000.000000000000     0.001000000047    12.000000000000    90.000000000000     0.004999999888     0.000010000000     0.017016153783     1.000000000000     0.161957457662
   335.000000000000    25.000000000000     6.000000000000   500.000000000000     5.000000000000     4.000000000000    30.000000000000     4.000000000000  1000.000000000000     0.001000000047    12.000000000000    90.000000000000     0.004999999888     0.000010000000     0.018026925623     1.000000000000     0.128490671515
   335.000000000000    25.000000000000     8.000000000000   500.000000000000     5.000000000000     4.000000000000    30.000000000000     4.000000000000  1000.000000000000     0.001000000047    12.000000000000    90.000000000000     0.004999999888     0.000010000000     0.019037686288     1.000000000000     0.124917902052
   335.000000000000    25.000000000000    10.000000000000   500.000000000000     5.000000000000     4.000000000000    30.000000000000     4.000000000000  1000.000000000000     0.001000000047    12.000000000000    90.000000000000     0.004999999888     0.000010000000     0.015048474073     1.000000000000     0.114349924028
   335.000000000000    25.000000000000     4.000000000000   500.000000000000     5.000000000000     5.000000000000    35.000000000000     4.000000000000  1000.000000000000     0.001000000047    12.000000000000    90.000000000000     0.004999999888     0.000010000000     0.018018845469     1.000000000000     0.138926088810
   335.000000000000    25.000000000000     6.000000000000   500.000000000000     5.000000000000     5.000000000000    35.000000000000     4.000000000000  1000.000000000000     0.001000000047    12.000000000000    90.000000000000     0.004999999888     0.000010000000     0.016698077321     1.000000000000     0.096657782793
   335.000000000000    25.000000000000     8.000000000000   500.000000000000     5.000000000000     5.000000000000    35.000000000000     4.000000000000  1000.000000000000     0.001000000047    12.000000000000    90.000000000000     0.004999999888     0.000010000000     0.020377323031     1.000000000000     0.082259766757
   335.000000000000    25.000000000000    10.000000000000   500.000000000000     5.000000000000     5.000000000000    35.000000000000     4.000000000000  1000.000000000000     0.001000000047    12.000000000000    90.000000000000     0.004999999888     0.000010000000     0.019056558609     1.000000000000     0.091297507286
    25.000000000000    25.000000000000     8.000000000000   500.000000000000     5.000000000000     6.000000000000    20.000000000000     4.000000000000  1000.000000000000     0.001000000047    12.000000000000    90.000000000000     0.004999999888     0.000010000000    -0.065283082426     1.000000000000     0.001161873923
    25.000000000000    25.000000000000    10.000000000000   500.000000000000     5.000000000000     6.000000000000    20.000000000000     4.000000000000  1000.000000000000     0.001000000047    12.000000000000    90.000000000000     0.004999999888     0.000010000000    -0.083935394883     1.000000000000     0.000168200379
    25.000000000000    25.000000000000     4.000000000000   500.000000000000     5.000000000000     4.000000000000    30.000000000000     4.000000000000  1000.000000000000     0.001000000047    12.000000000000    90.000000000000     0.004999999888     0.000010000000    -0.041967689991     1.000000000000     0.002641152125
    25.000000000000    25.000000000000     6.000000000000   500.000000000000     5.000000000000     4.000000000000    30.000000000000     4.000000000000  1000.000000000000     0.001000000047    12.000000000000    90.000000000000     0.004999999888     0.000010000000    -0.069946154952     1.000000000000     0.000040320825
    25.000000000000    25.000000000000     8.000000000000   500.000000000000     5.000000000000     4.000000000000    30.000000000000     4.000000000000  1000.000000000000     0.001000000047    12.000000000000    90.000000000000     0.004999999888     0.000010000000    -0.097924619913     1.000000000000     0.000001865893
    25.000000000000    25.000000000000    10.000000000000   500.000000000000     5.000000000000     4.000000000000    30.000000000000     4.000000000000  1000.000000000000     0.001000000047    12.000000000000    90.000000000000     0.004999999888     0.000010000000    -0.125903069973     1.000000000000     0.001744525158
    25.000000000000    25.000000000000     4.000000000000   500.000000000000     5.000000000000     5.000000000000    35.000000000000     4.000000000000  1000.000000000000     0.001000000047    12.000000000000    90.000000000000     0.004999999888     0.000010000000    -0.048962302506     1.000000000000     0.000033203658
    25.000000000000    25.000000000000     6.000000000000   500.000000000000     5.000000000000     5.000000000000    35.000000000000     4.000000000000  1000.000000000000     0.001000000047    12.000000000000    90.000000000000     0.004999999888     0.000010000000    -0.081603839993     1.000000000000     0.000009522362
    25.000000000000    25.000000000000     8.000000000000   500.000000000000     5.000000000000     5.000000000000    35.000000000000     4.000000000000  1000.000000000000     0.001000000047    12.000000000000    90.000000000000     0.004999999888     0.000010000000    -0.114245370030     1.000000000000     0.000003344122
   310.000000000000    50.000000000000     8.000000000000   500.000000000000     5.000000000000     6.000000000000    20.000000000000     4.000000000000  1000.000000000000     0.001000000047    12.000000000000    90.000000000000     0.004999999888     0.000010000000     0.023577228189     1.000000000000     0.353353410959
   310.000000000000    50.000000000000    10.000000000000   500.000000000000     5.000000000000     6.000000000000    20.000000000000     4.000000000000  1000.000000000000     0.001000000047    12.000000000000    90.000000000000     0.004999999888     0.000010000000     0.019742190838     1.000000000000     0.351128727198
   310.000000000000    50.000000000000     4.000000000000   500.000000000000     5.000000000000     4.000000000000    30.000000000000     4.000000000000  1000.000000000000     0.001000000047    12.000000000000    90.000000000000     0.004999999888     0.000010000000     0.029371082783     1.000000000000     0.172526374459
   310.000000000000    50.000000000000     6.000000000000   500.000000000000     5.000000000000     4.000000000000    30.000000000000     4.000000000000  1000.000000000000     0.001000000047    12.000000000000    90.000000000000     0.004999999888     0.000010000000     0.028618469834     1.000000000000     0.188550025225
   310.000000000000    50.000000000000     8.000000000000   500.000000000000     5.000000000000     4.000000000000    30.000000000000     4.000000000000  1000.000000000000     0.001000000047    12.000000000000    90.000000000000     0.004999999888     0.000010000000     0.027865886688     1.000000000000     0.127298876643
   310.000000000000    50.000000000000    10.000000000000   500.000000000000     5.000000000000     4.000000000000    30.000000000000     4.000000000000  1000.000000000000     0.001000000047    12.000000000000    90.000000000000     0.004999999888     0.000010000000     0.027113258839     1.000000000000     0.106492243707
   310.000000000000    50.000000000000     4.000000000000   500.000000000000     5.000000000000     5.000000000000    35.000000000000     4.000000000000  1000.000000000000     0.001000000047    12.000000000000    90.000000000000     0.004999999888     0.000010000000     0.029932945967     1.000000000000     0.194138064981
   310.000000000000    50.000000000000     6.000000000000   500.000000000000     5.000000000000     5.000000000000    35.000000000000     4.000000000000  1000.000000000000     0.001000000047    12.000000000000    90.000000000000     0.004999999888     0.000010000000     0.033221572638     1.000000000000     0.134444743395
    50.000000000000    50.000000000000     8.000000000000   500.000000000000     5.000000000000     6.000000000000    20.000000000000     4.000000000000  1000.000000000000     0.001000000047    12.000000000000    90.000000000000     0.004999999888     0.000010000000    -0.166845515370     1.000000000000     0.000215025153
    50.000000000000    50.000000000000    10.000000000000   500.000000000000     5.000000000000     6.000000000000    20.000000000000     4.000000000000  1000.000000000000     0.001000000047    12.000000000000    90.000000000000     0.004999999888     0.000010000000    -0.214515626431     1.000000000000     0.000045910743
    50.000000000000    50.000000000000     4.000000000000   500.000000000000     5.000000000000     4.000000000000    30.000000000000     4.000000000000  1000.000000000000     0.001000000047    12.000000000000    90.000000000000     0.004999999888     0.000010000000    -0.107257828116     1.000000000000     0.007358483039
    50.000000000000    50.000000000000     6.000000000000   500.000000000000     5.000000000000     4.000000000000    30.000000000000     4.000000000000  1000.000000000000     0.001000000047    12.000000000000    90.000000000000     0.004999999888     0.000010000000    -0.178763061762     1.000000000000     0.000273750775
    50.000000000000    50.000000000000     8.000000000000   500.000000000000     5.000000000000     4.000000000000    30.000000000000     4.000000000000  1000.000000000000     0.001000000047    12.000000000000    90.000000000000     0.004999999888     0.000010000000    -0.250268250704     1.000000000000     0.000016148819
    50.000000000000    50.000000000000    10.000000000000   500.000000000000     5.000000000000     4.000000000000    30.000000000000     4.000000000000  1000.000000000000     0.001000000047    12.000000000000    90.000000000000     0.004999999888     0.000010000000    -0.321773499250     1.000000000000     0.000006396537
    50.000000000000    50.000000000000     4.000000000000   500.000000000000     5.000000000000     5.000000000000    35.000000000000     4.000000000000  1000.000000000000     0.001000000047    12.000000000000    90.000000000000     0.004999999888     0.000010000000    -0.125134125352     1.000000000000     0.002277315129
    50.000000000000    50.000000000000     6.000000000000   500.000000000000     5.000000000000     5.000000000000    35.000000000000     4.000000000000  1000.000000000000     0.001000000047    12.000000000000    90.000000000000     0.004999999888     0.000010000000    -0.208556875587     1.000000000000     0.000106223895
    50.000000000000    50.000000000000     8.000000000000   500.000000000000     5.000000000000     5.000000000000    35.000000000000     4.000000000000  1000.000000000000     0.001000000047    12.000000000000    90.000000000000     0.004999999888     0.000010000000    -0.291979640722     1.000000000000     0.000009118257
    50.000000000000    50.000000000000    10.000000000000   500.000000000000     5.000000000000     5.000000000000    35.000000000000     4.000000000000  1000.000000000000     0.001000000047    12.000000000000    90.000000000000     0.004999999888     0.000010000000    -0.375402361155     1.000000000000     0.000000177812
   335.000000000000    25.000000000000     8.000000000000  1000.000000000000     5.000000000000     6.000000000000    20.000000000000     4.000000000000  1000.000000000000     0.001000000047    12.000000000000    90.000000000000     0.004999999888     0.000010000000     0.014358460903     1.000000000000     7.497867584229
   335.000000000000    25.000000000000    10.000000000000  1000.000000000000     5.000000000000     6.000000000000    20.000000000000     4.000000000000  1000.000000000000     0.001000000047    12.000000000000    90.000000000000     0.004999999888     0.000010000000     0.015032298863     1.000000000000     5.805216312408
   335.000000000000    25.000000000000     4.000000000000  1000.000000000000     5.000000000000     4.000000000000    30.000000000000     4.000000000000  1000.000000000000     0.001000000047    12.000000000000    90.000000000000     0.004999999888     0.000010000000     0.017016153783     1.000000000000     2.781784772873
   335.000000000000    25.000000000000     6.000000000000  1000.000000000000     5.000000000000     4.000000000000    30.000000000000     4.000000000000  1000.000000000000     0.001000000047    12.000000000000    90.000000000000     0.004999999888     0.000010000000     0.018026925623     1.000000000000     2.229708433151
   335.000000000000    25.000000000000     8.000000000000  1000.000000000000     5.000000000000     4.000000000000    30.000000000000     4.000000000000  1000.000000000000     0.001000000047    12.000000000000    90.000000000000     0.004999999888     0.000010000000     0.019037686288     1.000000000000     2.206829786301
   335.000000000000    25.000000000000    10.000000000000  1000.000000000000     5.000000000000     4.000000000000    30.000000000000     4.000000000000  1000.000000000000     0.001000000047    12.000000000000    90.000000000000     0.004999999888     0.000010000000     0.015048474073     1.000000000000     1.979654431343
   335.000000000000    25.000000000000     4.000000000000  1000.000000000000     5.000000000000     5.000000000000    35.000000000000     4.000000000000  1000.000000000000     0.001000000047    12.000000000000    90.000000000000     0.004999999888     0.000010000000     0.018018845469     1.000000000000     2.313277006149
   335.000000000000    25.000000000000     6.000000000000  1000.000000000000     5.000000000000     5.000000000000    35.000000000000     4.000000000000  1000.000000000000     0.001000000047    12.000000000000    90.000000000000     0.004999999888     0.000010000000     0.016698077321     1.000000000000     1.709127426147
   335.000000000000    25.000000000000     8.000000000000  1000.000000000000     5.000000000000     5.000000000000    35.000000000000     4.000000000000  1000.000000000000     0.001000000047    12.000000000000    90.000000000000     0.004999999888     0.000010000000     0.020377323031     1.000000000000     1.488098621368
   335.000000000000    25.000000000000    10.000000000000  1000.000000000000     5.000000000000     5.000000000000    35.000000000000     4.000000000000  1000.000000000000     0.001000000047    12.000000000000    90.000000000000     0.004999999888     0.000010000000     0.019056558609     1.000000000000     1.621900796890
    25.000000000000    25.000000000000     8.000000000000  1000.000000000000     5.000000000000     6.000000000000    20.000000000000     4.000000000000  1000.000000000000     0.001000000047    12.000000000000    90.000000000000     0.004999999888     0.000010000000    -0.065283082426     1.000000000000     0.032781679183
    25.000000000000    25.000000000000    10.000000000000  1000.000000000000     5.000000000000     6.000000000000    20.000000000000     4.000000000000  1000.000000000000     0.001000000047    12.000000000000    90.000000000000     0.004999999888     0.000010000000    -0.083935394883     1.000000000000     0.004740062635
    25.000000000000    25.000000000000     4.000000000000  1000.000000000000     5.000000000000     4.000000000000    30.000000000000     4.000000000000  1000.000000000000     0.001000000047    12.000000000000    90.000000000000     0.004999999888     0.000010000000    -0.041967689991     1.000000000000     0.065965443850
    25.000000000000    25.000000000000     6.000000000000  1000.000000000000     5.000000000000     4.000000000000    30.000000000000     4.000000000000  1000.000000000000     0.001000000047    12.000000000000    90.000000000000     0.004999999888     0.000010000000    -0.069946154952     1.000000000000     0.000985204708
    25.000000000000    25.000000000000     8.000000000000  1000.000000000000     5.000000000000     4.000000000000    30.000000000000     4.000000000000  1000.000000000000     0.001000000047    12.000000000000    90.000000000000     0.004999999888     0.000010000000    -0.097924619913     1.000000000000     0.000123420963
    25.000000000000    25.000000000000    10.000000000000  1000.000000000000     5.000000000000     4.000000000000    30.000000000000     4.000000000000  1000.000000000000     0.001000000047    12.000000000000    90.000000000000     0.004999999888     0.000010000000    -0.125903069973     1.000000000000     0.042925607413
    25.000000000000    25.000000000000     4.000000000000  1000.000000000000     5.000000000000     5.000000000000    35.000000000000     4.000000000000  1000.000000000000     0.001000000047    12.000000000000    90.000000000000     0.004999999888     0.000010000000    -0.048962302506     1.000000000000     0.003167585703
    25.000000000000    25.000000000000     6.000000000000  1000.000000000000     5.000000000000     5.000000000000    35.000000000000     4.000000000000  1000.000000000000     0.001000000047    12.000000000000    90.000000000000     0.004999999888     0.000010000000    -0.081603839993     1.000000000000     0.000405926257
    25.000000000000    25.000000000000     8.000000000000  1000.000000000000     5.000000000000     5.000000000000    35.000000000000     4.000000000000  1000.000000000000     0.001000000047    12.000000000000    90.000000000000     0.004999999888     0.000010000000    -0.114245370030     1.000000000000     0.000140469536
   310.000000000000    50.000000000000     8.000000000000  1000.000000000000     5.000000000000     6.000000000000    20.000000000000     4.000000000000  1000.000000000000     0.001000000047    12.000000000000    90.000000000000     0.004999999888     0.000010000000     0.023577228189     1.000000000000     5.895540237427
   310.000000000000    50.000000000000    10.000000000000  1000.000000000000     5.000000000000     6.000000000000    20.000000000000     4.000000000000  1000.000000000000     0.001000000047    12.000000000000    90.000000000000     0.004999999888     0.000010000000     0.019742190838     1.000000000000     5.576842784882
   310.000000000000    50.000000000000     4.000000000000  1000.000000000000     5.000000000000     4.000000000000    30.000000000000     4.000000000000  1000.000000000000     0.001000000047    12.000000000000    90.000000000000     0.004999999888     0.000010000000     0.029371082783     1.000000000000     2.981763839722
   310.000000000000    50.000000000000     6.000000000000  1000.000000000000     5.000000000000     4.000000000000    30.000000000000     4.000000000000  1000.000000000000     0.001000000047    12.000000000000    90.000000000000     0.004999999888     0.000010000000     0.028618469834     1.000000000000     3.273633718491
   310.000000000000    50.000000000000     8.000000000000  1000.000000000000     5.000000000000     4.000000000000    30.000000000000     4.000000000000  1000.000000000000     0.001000000047    12.000000000000    90.000000000000     0.004999999888     0.000010000000     0.027865886688     1.000000000000     2.287897825241
   310.000000000000    50.000000000000    10.000000000000  1000.000000000000     5.000000000000     4.000000000000    30.000000000000     4.000000000000  1000.000000000000     0.001000000047    12.000000000000    90.000000000000     0.004999999888     0.000010000000     0.027113258839     1.000000000000     1.955701589584
   310.000000000000    50.000000000000     4.000000000000  1000.000000000000     5.000000000000     5.000000000000    35.000000000000     4.000000000000  1000.000000000000     0.001000000047    12.000000000000    90.000000000000     0.004999999888     0.000010000000     0.029932945967     1.000000000000     3.424340963364
   310.000000000000    50.000000000000     6.000000000000  1000.000000000000     5.000000000000     5.000000000000    35.000000000000     4.000000000000  1000.000000000000     0.001000000047    12.000000000000    90.000000000000     0.004999999888     0.000010000000     0.033221572638     1.000000000000     2.372350454330
    50.000000000000    50.000000000000     8.000000000000  1000.000000000000     5.000000000000     6.000000000000    20.000000000000     4.000000000000  1000.000000000000     0.001000000047    12.000000000000    90.000000000000     0.004999999888     0.000010000000    -0.166845515370     1.000000000000     0.012640153058
    50.000000000000    50.000000000000    10.000000000000  1000.000000000000     5.000000000000     6.000000000000    20.000000000000     4.000000000000  1000.000000000000     0.001000000047    12.000000000000    90.000000000000     0.004999999888     0.000010000000    -0.214515626431     1.000000000000     0.003409223864
    50.000000000000    50.000000000000     4.000000000000  1000.000000000000     5.000000000000     4.000000000000    30.000000000000     4.000000000000  1000.000000000000     0.001000000047    12.000000000000    90.000000000000     0.004999999888     0.000010000000    -0.107257828116     1.000000000000     0.188795611262
    50.000000000000    50.000000000000     6.000000000000  1000.000000000000     5.000000000000     4.000000000000    30.000000000000     4.000000000000  1000.000000000000     0.001000000047    12.000000000000    90.000000000000     0.004999999888     0.000010000000    -0.178763061762     1.000000000000     0.001060438575
    50.000000000000    50.000000000000     8.000000000000  1000.000000000000     5.000000000000     4.000000000000    30.000000000000     4.000000000000  1000.000000000000     0.001000000047    12.000000000000    90.000000000000     0.004999999888     0.000010000000    -0.250268250704     1.000000000000     0.000598724349
    50.000000000000    50.000000000000    10.000000000000  1000.000000000000     5.000000000000     4.000000000000    30.000000000000     4.000000000000  1000.000000000000     0.001000000047    12.000000000000    90.000000000000     0.004999999888     0.000010000000    -0.321773499250     1.000000000000     0.062779575586
    50.000000000000    50.000000000000     4.000000000000  1000.000000000000     5.000000000000     5.000000000000    35.000000000000     4.000000000000  1000.000000000000     0.001000000047    12.000000000000    90.000000000000     0.004999999888     0.000010000000    -0.125134125352     1.000000000000     0.005578814540
    50.000000000000    50.000000000000     6.000000000000  1000.000000000000     5.000000000000     5.000000000000    35.000000000000     4.000000000000  1000.000000000000     0.001000000047    12.000000000000    90.000000000000     0.004999999888     0.000010000000    -0.208556875587     1.000000000000     0.000443078286
    50.000000000000    50.000000000000     8.000000000000  1000.000000000000     5.000000000000     5.000000000000    35.000000000000     4.000000000000  1000.000000000000     0.001000000047    12.000000000000    90.000000000000     0.004999999888     0.000010000000    -0.291979640722     1.000000000000     0.000090261012
   335.000000000000    25.000000000000     8.000000000000  1500.000000000000     5.000000000000     6.000000000000    20.000000000000     4.000000000000  1000.000000000000     0.001000000047    12.000000000000    90.000000000000     0.004999999888     0.000010000000     0.014358460903     1.000000000000    29.789054870605
   335.000000000000    25.000000000000    10.000000000000  1500.000000000000     5.000000000000     6.000000000000    20.000000000000     4.000000000000  1000.000000000000     0.001000000047    12.000000000000    90.000000000000     0.004999999888     0.000010000000     0.015032298863     1.000000000000    24.456071853638
   335.000000000000    25.000000000000     4.000000000000  1500.000000000000     5.000000000000     4.000000000000    30.000000000000     4.000000000000  1000.000000000000     0.001000000047    12.000000000000    90.000000000000     0.004999999888     0.000010000000     0.0