 
    50.000000000000    50.000000000000     8.000000000000  1000.000000000000     5.000000000000     5.000000000000    20.000000000000     4.000000000000  3000.000000000000     0.001000000047     9.000000000000    90.000000000000     0.004999999888     0.000010000000    -0.166845515370     1.000000000000     0.000143628335
    50.000000000000    50.000000000000    10.000000000000  1000.000000000000     5.000000000000     5.000000000000    20.000000000000     4.000000000000  3000.000000000000     0.001000000047     9.000000000000    90.000000000000     0.004999999888     0.000010000000    -0.214515641332     1.000000000000     0.000042826956
   335.000000000000    25.000000000000     8.000000000000  1500.000000000000     5.000000000000     5.000000000000    20.000000000000     4.000000000000  3000.000000000000     0.001000000047     9.000000000000    90.000000000000     0.004999999888     0.000010000000     0.014858461916     1.000000000000    16.304473876953
   335.000000000000    25.000000000000    10.000000000000  1500.000000000000     5.000000000000     5.000000000000    20.000000000000     4.000000000000  3000.000000000000     0.001000000047     9.000000000000    90.000000000000     0.004999999888     0.000010000000     0.015532299876     1.000000000000     8.744327545166
   335.000000000000    25.000000000000     8.000000000000   500.000000000000    10.000000000000     5.000000000000    20.000000000000     4.000000000000  3000.000000000000     0.001000000047     9.000000000000    90.000000000000     0.004999999888     0.000010000000     0.014858461916     1.000000000000     0.010809774511
   335.000000000000    25.000000000000    10.000000000000   500.000000000000    10.000000000000     5.000000000000    20.000000000000     4.000000000000  3000.000000000000     0.001000000047     9.000000000000    90.000000000000     0.004999999888     0.000010000000     0.015532299876     1.000000000000     0.009108784609
   335.000000000000    25.000000000000     4.000000000000   500.000000000000    10.000000000000     6.000000000000    20.000000000000     4.000000000000  3000.000000000000     0.001000000047     9.000000000000    90.000000000000     0.004999999888     0.000010000000     0.013010770082     1.000000000000     0.024432927370
    25.000000000000    25.000000000000     8.000000000000  1000.000000000000    10.000000000000     5.000000000000    20.000000000000     4.000000000000  3000.000000000000     0.001000000047     9.000000000000    90.000000000000     0.004999999888     0.000010000000    -0.065283074975     1.000000000000     0.000333764678
    25.000000000000    25.000000000000    10.000000000000  1000.000000000000    10.000000000000     5.000000000000    20.000000000000     4.000000000000  3000.000000000000     0.001000000047     9.000000000000    90.000000000000     0.004999999888     0.000010000000    -0.083935394883     1.000000000000     0.000307452283
    25.000000000000    25.000000000000     4.000000000000  1000.000000000000    10.000000000000     6.000000000000    20.000000000000     4.000000000000  3000.000000000000     0.001000000047     9.000000000000    90.000000000000     0.004999999888     0.000010000000    -0.027978461236     1.000000000000     0.000287912553
    25.000000000000    25.000000000000     6.000000000000  1000.000000000000    10.000000000000     6.000000000000    20.000000000000     4.000000000000  3000.000000000000     0.001000000047     9.000000000000    90.000000000000     0.004999999888     0.000010000000    -0.046630769968     1.000000000000     0.000284001202
    25.000000000000    25.000000000000     8.000000000000  1000.000000000000    10.000000000000     6.000000000000    20.000000000000     4.000000000000  3000.000000000000     0.001000000047     9.000000000000    90.000000000000     0.004999999888     0.000010000000    -0.065283082426     1.000000000000     0.000305882510
    25.000000000000    25.000000000000    10.000000000000  1000.000000000000    10.000000000000     6.000000000000    20.000000000000     4.000000000000  3000.000000000000     0.001000000047     9.000000000000    90.000000000000     0.004999999888     0.000010000000    -0.083935394883     1.000000000000     0.000382669677
    50.000000000000    50.000000000000     8.000000000000  1000.000000000000    10.000000000000     5.000000000000    20.000000000000     4.000000000000  3000.000000000000     0.001000000047     9.000000000000    90.000000000000     0.004999999888     0.000010000000    -0.166845515370     1.000000000000     0.000152844863
    50.000000000000    50.000000000000    10.000000000000  1000.000000000000    10.000000000000     5.000000000000    20.000000000000     4.000000000000  3000.000000000000     0.001000000047     9.000000000000    90.000000000000     0.004999999888     0.000010000000    -0.214515641332     1.000000000000     0.000213268024
    50.000000000000    50.000000000000     4.000000000000  1000.000000000000    10.000000000000     6.000000000000    20.000000000000     4.000000000000  3000.000000000000     0.001000000047     9.000000000000    90.000000000000     0.004999999888     0.000010000000    -0.071505218744     1.000000000000     0.000159755073
    50.000000000000    50.000000000000     6.000000000000  1000.000000000000    10.000000000000     6.000000000000    20.000000000000     4.000000000000  3000.000000000000     0.001000000047     9.000000000000    90.000000000000     0.004999999888     0.000010000000    -0.119175359607     1.000000000000     0.000131248438
    50.000000000000    50.000000000000     8.000000000000  1000.000000000000    10.000000000000     6.000000000000    20.000000000000     4.000000000000  3000.000000000000     0.001000000047     9.000000000000    90.000000000000     0.004999999888     0.000010000000    -0.166845515370     1.000000000000     0.000169580511
    50.000000000000    50.000000000000    10.000000000000  1000.000000000000    10.000000000000     6.000000000000    20.000000000000     4.000000000000  3000.000000000000     0.001000000047     9.000000000000    90.000000000000     0.004999999888     0.000010000000    -0.214515626431     1.000000000000     0.000190536433
    50.000000000000    50.000000000000     4.000000000000  1000.000000000000    10.000000000000     4.000000000000    30.000000000000     4.000000000000  3000.000000000000     0.001000000047     9.000000000000    90.000000000000     0.004999999888     0.000010000000    -0.107257828116     1.000000000000     0.000134665694
    50.000000000000    50.000000000000     6.000000000000  1000.000000000000    10.000000000000     4.000000000000    30.000000000000     4.000000000000  3000.000000000000     0.001000000047     9.000000000000    90.000000000000     0.004999999888     0.000010000000    -0.178763061762     1.000000000000     0.000095141273
    25.000000000000    25.000000000000     8.000000000000  1500.000000000000    10.000000000000     5.000000000000    20.000000000000     4.000000000000  3000.000000000000     0.001000000047     9.000000000000    90.000000000000     0.004999999888     0.000010000000    -0.065283074975     1.000000000000     0.001905885409
    25.000000000000    25.000000000000    10.000000000000  1500.000000000000    10.000000000000     5.000000000000    20.000000000000     4.000000000000  3000.000000000000     0.001000000047     9.000000000000    90.000000000000     0.004999999888     0.000010000000    -0.083935394883     1.000000000000     0.003053910332
    25.000000000000    25.000000000000     4.000000000000  1500.000000000000    10.000000000000     6.000000000000    20.000000000000     4.000000000000  3000.000000000000     0.001000000047     9.000000000000    90.000000000000     0.004999999888     0.000010000000    -0.027978461236     1.000000000000     0.002052290598
    25.000000000000    25.000000000000     6.000000000000  1500.000000000000    10.000000000000     6.000000000000    20.000000000000     4.000000000000  3000.000000000000     0.001000000047     9.000000000000    90.000000000000     0.004999999888     0.000010000000    -0.046630769968     1.000000000000     0.002572488971
    25.000000000000    25.000000000000     8.000000000000  1500.000000000000    10.000000000000     6.000000000000    20.000000000000     4.000000000000  3000.000000000000     0.001000000047     9.000000000000    90.000000000000     0.004999999888     0.000010000000    -0.065283082426     1.000000000000     0.002693895949
    25.000000000000    25.000000000000     8.000000000000   500.000000000000    15.000000000000     5.000000000000    20.000000000000     4.000000000000  3000.000000000000     0.001000000047     9.000000000000    90.000000000000     0.004999999888     0.000010000000    -0.065283074975     1.000000000000     0.000003490027
    25.000000000000    25.000000000000    10.000000000000   500.000000000000    15.000000000000     5.000000000000    20.000000000000     4.000000000000  3000.000000000000     0.001000000047     9.000000000000    90.000000000000     0.004999999888     0.000010000000    -0.083935394883     1.000000000000     0.000005176599
    25.000000000000    25.000000000000     4.000000000000   500.000000000000    15.000000000000     6.000000000000    20.000000000000     4.000000000000  3000.000000000000     0.001000000047     9.000000000000    90.000000000000     0.004999999888     0.000010000000    -0.027978461236     1.000000000000     0.000022390521
    25.000000000000    25.000000000000     6.000000000000   500.000000000000    15.000000000000     6.000000000000    20.000000000000     4.000000000000  3000.000000000000     0.001000000047     9.000000000000    90.000000000000     0.004999999888     0.000010000000    -0.046630769968     1.000000000000     0.000000346656
    25.000000000000    25.000000000000     8.000000000000   500.000000000000    15.000000000000     6.000000000000    20.000000000000     4.000000000000  3000.000000000000     0.001000000047     9.000000000000    90.000000000000     0.004999999888     0.000010000000    -0.065283082426     1.000000000000     0.000005710201
    25.000000000000    25.000000000000     8.000000000000  1000.000000000000    15.000000000000     5.000000000000    20.000000000000     4.000000000000  3000.000000000000     0.001000000047     9.000000000000    90.000000000000     0.004999999888     0.000010000000    -0.065283074975     1.000000000000     0.000310746167
    25.000000000000    25.000000000000    10.000000000000  1000.000000000000    15.000000000000     5.000000000000    20.000000000000     4.000000000000  3000.000000000000     0.001000000047     9.000000000000    90.000000000000     0.004999999888     0.000010000000    -0.083935394883     1.000000000000     0.000201674615
    25.000000000000    25.000000000000     4.000000000000  1000.000000000000    15.000000000000     6.000000000000    20.000000000000     4.000000000000  3000.000000000000     0.001000000047     9.000000000000    90.000000000000     0.004999999888     0.000010000000    -0.027978461236     1.000000000000     0.000390437111
    25.000000000000    25.000000000000     6.000000000000  1000.000000000000    15.000000000000     6.000000000000    20.000000000000     4.000000000000  3000.000000000000     0.001000000047     9.000000000000    90.000000000000     0.004999999888     0.000010000000    -0.046630769968     1.000000000000     0.000486432458
    25.000000000000    25.000000000000     8.000000000000  1000.000000000000    15.000000000000     6.000000000000    20.000000000000     4.000000000000  3000.000000000000     0.001000000047     9.000000000000    90.000000000000     0.004999999888     0.000010000000    -0.065283082426     1.000000000000     0.000399822631
    50.000000000000    50.000000000000     8.000000000000  1000.000000000000    15.000000000000     5.000000000000    20.000000000000     4.000000000000  3000.000000000000     0.001000000047     9.000000000000    90.000000000000     0.004999999888     0.000010000000    -0.166845515370     1.000000000000     0.000186943580
    50.000000000000    50.000000000000    10.000000000000  1000.000000000000    15.000000000000     5.000000000000    20.000000000000     4.000000000000  3000.000000000000     0.001000000047     9.000000000000    90.000000000000     0.004999999888     0.000010000000    -0.214515641332     1.000000000000     0.000131447639
    50.000000000000    50.000000000000     4.000000000000  1000.000000000000    15.000000000000     6.000000000000    20.000000000000     4.000000000000  3000.000000000000     0.001000000047     9.000000000000    90.000000000000     0.004999999888     0.000010000000    -0.071505218744     1.000000000000     0.000184009201
    50.000000000000    50.000000000000     6.000000000000  1000.000000000000    15.000000000000     6.000000000000    20.000000000000     4.000000000000  3000.000000000000     0.001000000047     9.000000000000    90.000000000000     0.004999999888     0.000010000000    -0.119175359607     1.000000000000     0.000120392106
    50.000000000000    50.000000000000     8.000000000000  1000.000000000000    15.000000000000     6.000000000000    20.000000000000     4.000000000000  3000.000000000000     0.001000000047     9.000000000000    90.000000000000     0.004999999888     0.000010000000    -0.166845515370     1.000000000000     0.000174878907
    50.000000000000    50.000000000000    10.000000000000  1000.000000000000    15.000000000000     6.000000000000    20.000000000000     4.000000000000  3000.000000000000     0.001000000047     9.000000000000    90.000000000000     0.004999999888     0.000010000000    -0.214515626431     1.000000000000     0.000153526475
    50.000000000000    50.000000000000     4.000000000000  1000.000000000000    15.000000000000     4.000000000000    30.000000000000     4.000000000000  3000.000000000000     0.001000000047     9.000000000000    90.000000000000     0.004999999888     0.000010000000    -0.107257828116     1.000000000000     0.000161577642
    50.000000000000    50.000000000000     6.000000000000  1000.000000000000    15.000000000000     4.000000000000    30.000000000000     4.000000000000  3000.000000000000     0.001000000047     9.000000000000    90.000000000000     0.004999999888     0.000010000000    -0.178763061762     1.000000000000     0.000102507911
   310.000000000000    50.000000000000     8.000000000000  1500.000000000000    15.000000000000     5.000000000000    20.000000000000     4.000000000000  3000.000000000000     0.001000000047     9.000000000000    90.000000000000     0.004999999888     0.000010000000     0.024077236652     1.000000000000     7.367990493774
   310.000000000000    50.000000000000     8.000000000000  2000.000000000000    15.000000000000     5.000000000000    20.000000000000     4.000000000000  3000.000000000000     0.001000000047     9.000000000000    90.000000000000     0.004999999888     0.000010000000     0.024077236652     1.000000000000    21.225608825684
   310.000000000000    50.000000000000    10.000000000000  2000.000000000000    15.000000000000     5.000000000000    20.000000000000     4.000000000000  3000.000000000000     0.001000000047     9.000000000000    90.000000000000     0.004999999888     0.000010000000     0.020242184401     1.000000000000    21.037330627441
    25.000000000000    25.000000000000     8.000000000000   500.000000000000    20.000000000000     5.000000000000    20.000000000000     4.000000000000  3000.000000000000     0.001000000047     9.000000000000    90.000000000000     0.004999999888     0.000010000000    -0.065283074975     1.000000000000     0.000003867409
    25.000000000000    25.000000000000     8.000000000000  1500.000000000000    20.000000000000     5.000000000000    20.000000000000     4.000000000000  3000.000000000000     0.001000000047     9.000000000000    90.000000000000     0.004999999888     0.000010000000    -0.065283074975     1.000000000000     0.002837854670
    25.000000000000    25.000000000000    10.000000000000  1500.000000000000    20.000000000000     5.000000000000    20.000000000000     4.000000000000  3000.000000000000     0.001000000047     9.000000000000    90.000000000000     0.004999999888     0.000010000000    -0.083935394883     1.000000000000     0.002477621194
    25.000000000000    25.000000000000     4.000000000000  1500.000000000000    20.000000000000     6.000000000000    20.000000000000     4.000000000000  3000.000000000000     0.001000000047     9.000000000000    90.000000000000     0.004999999888     0.000010000000    -0.027978461236     1.000000000000     0.002746118233
    25.000000000000    25.000000000000     6.000000000000  1500.000000000000    20.000000000000     6.000000000000    20.000000000000     4.000000000000  3000.000000000000     0.001000000047     9.000000000000    90.000000000000     0.004999999888     0.000010000000    -0.046630769968     1.000000000000     0.002027009614
