 
    25.000000000000    25.000000000000     8.000000000000   500.000000000000     5.000000000000     5.000000000000    20.000000000000     4.000000000000  2000.000000000000     0.001000000047     6.000000000000    90.000000000000     0.004999999888     0.000010000000    -0.065283074975     1.000000000000     0.000048501861
   310.000000000000    50.000000000000     8.000000000000   500.000000000000     5.000000000000     5.000000000000    20.000000000000     4.000000000000  2000.000000000000     0.001000000047     6.000000000000    90.000000000000     0.004999999888     0.000010000000     0.024077236652     1.000000000000     0.000000000000
    50.000000000000    50.000000000000     8.000000000000  1000.000000000000     5.000000000000     5.000000000000    20.000000000000     4.000000000000  2000.000000000000     0.001000000047     6.000000000000    90.000000000000     0.004999999888     0.000010000000    -0.166845515370     1.000000000000     0.076858595014
   335.000000000000    25.000000000000     8.000000000000  1500.000000000000     5.000000000000     5.000000000000    20.000000000000     4.000000000000  2000.000000000000     0.001000000047     6.000000000000    90.000000000000     0.004999999888     0.000010000000     0.014858461916     1.000000000000    28.087850570679
    50.000000000000    50.000000000000     8.000000000000  1500.000000000000     5.000000000000     5.000000000000    20.000000000000     4.000000000000  2000.000000000000     0.001000000047     6.000000000000    90.000000000000     0.004999999888     0.000010000000    -0.166845515370     1.000000000000     0.003275202354
    50.000000000000    50.000000000000    10.000000000000  1500.000000000000     5.000000000000     5.000000000000    20.000000000000     4.000000000000  2000.000000000000     0.001000000047     6.000000000000    90.000000000000     0.004999999888     0.000010000000    -0.214515641332     1.000000000000     0.004107805435
    25.000000000000    25.000000000000     8.000000000000  2000.000000000000     5.000000000000     5.000000000000    20.000000000000     4.000000000000  2000.000000000000     0.001000000047     6.000000000000    90.000000000000     0.004999999888     0.000010000000    -0.065283074975     1.000000000000     0.020679185167
    25.000000000000    25.000000000000    10.000000000000  2000.000000000000     5.000000000000     5.000000000000    20.000000000000     4.000000000000  2000.000000000000     0.001000000047     6.000000000000    90.000000000000     0.004999999888     0.000010000000    -0.083935394883     1.000000000000     0.014365781099
    25.000000000000    25.000000000000     8.000000000000  1000.000000000000    10.000000000000     5.000000000000    20.000000000000     4.000000000000  2000.000000000000     0.001000000047     6.000000000000    90.000000000000     0.004999999888     0.000010000000    -0.065283074975     1.000000000000     0.001032544766
    25.000000000000    25.000000000000    10.000000000000  1000.000000000000    10.000000000000     5.000000000000    20.000000000000     4.000000000000  2000.000000000000     0.001000000047     6.000000000000    90.000000000000     0.004999999888     0.000010000000    -0.083935394883     1.000000000000     0.001146931201
    25.000000000000    25.000000000000     4.000000000000  1000.000000000000    10.000000000000     6.000000000000    20.000000000000     4.000000000000  2000.000000000000     0.001000000047     6.000000000000    90.000000000000     0.004999999888     0.000010000000    -0.027978461236     1.000000000000     0.001130637713
    50.000000000000    50.000000000000     8.000000000000  1000.000000000000    10.000000000000     5.000000000000    20.000000000000     4.000000000000  2000.000000000000     0.001000000047     6.000000000000    90.000000000000     0.004999999888     0.000010000000    -0.166845515370     1.000000000000     0.000332100783
    50.000000000000    50.000000000000    10.000000000000  1000.000000000000    10.000000000000     5.000000000000    20.000000000000     4.000000000000  2000.000000000000     0.001000000047     6.000000000000    90.000000000000     0.004999999888     0.000010000000    -0.214515641332     1.000000000000     0.000538939261
    50.000000000000    50.000000000000     4.000000000000  1000.000000000000    10.000000000000     6.000000000000    20.000000000000     4.000000000000  2000.000000000000     0.001000000047     6.000000000000    90.000000000000     0.004999999888     0.000010000000    -0.071505218744     1.000000000000     0.000507864985
   310.000000000000    50.000000000000     8.000000000000  1500.000000000000    10.000000000000     5.000000000000    20.000000000000     4.000000000000  2000.000000000000     0.001000000047     6.000000000000    90.000000000000     0.004999999888     0.000010000000     0.024077236652     1.000000000000    24.540916442871
    25.000000000000    25.000000000000     8.000000000000  2000.000000000000    10.000000000000     5.000000000000    20.000000000000     4.000000000000  2000.000000000000     0.001000000047     6.000000000000    90.000000000000     0.004999999888     0.000010000000    -0.065283074975     1.000000000000     0.015662861988
    25.000000000000    25.000000000000     8.000000000000   500.000000000000    15.000000000000     5.000000000000    20.000000000000     4.000000000000  2000.000000000000     0.001000000047     6.000000000000    90.000000000000     0.004999999888     0.000010000000    -0.065283074975     1.000000000000     0.000028222006
    25.000000000000    25.000000000000    10.000000000000   500.000000000000    15.000000000000     5.000000000000    20.000000000000     4.000000000000  2000.000000000000     0.001000000047     6.000000000000    90.000000000000     0.004999999888     0.000010000000    -0.083935394883     1.000000000000     0.000018020050
    25.000000000000    25.000000000000     4.000000000000   500.000000000000    15.000000000000     6.000000000000    20.000000000000     4.000000000000  2000.000000000000     0.001000000047     6.000000000000    90.000000000000     0.004999999888     0.000010000000    -0.027978461236     1.000000000000     0.000003211569
    50.000000000000    50.000000000000     8.000000000000   500.000000000000    15.000000000000     5.000000000000    20.000000000000     4.000000000000  2000.000000000000     0.001000000047     6.000000000000    90.000000000000     0.004999999888     0.000010000000    -0.166845515370     1.000000000000     0.002549884375
   335.000000000000    25.000000000000     8.000000000000  1000.000000000000    15.000000000000     5.000000000000    20.000000000000     4.000000000000  2000.000000000000     0.001000000047     6.000000000000    90.000000000000     0.004999999888     0.000010000000     0.014858461916     1.000000000000     4.033868312836
    25.000000000000    25.000000000000     8.000000000000  1000.000000000000    15.000000000000     5.000000000000    20.000000000000     4.000000000000  2000.000000000000     0.001000000047     6.000000000000    90.000000000000     0.004999999888     0.000010000000    -0.065283074975     1.000000000000     0.000924773049
    25.000000000000    25.000000000000    10.000000000000  1000.000000000000    15.000000000000     5.000000000000    20.000000000000     4.000000000000  2000.000000000000     0.001000000047     6.000000000000    90.000000000000     0.004999999888     0.000010000000    -0.083935394883     1.000000000000     0.000610159244
    25.000000000000    25.000000000000     4.000000000000  1000.000000000000    15.000000000000     6.000000000000    20.000000000000     4.000000000000  2000.000000000000     0.001000000047     6.000000000000    90.000000000000     0.004999999888     0.000010000000    -0.027978461236     1.000000000000     0.000873001525
    25.000000000000    25.000000000000     6.000000000000  1000.000000000000    15.000000000000     6.000000000000    20.000000000000     4.000000000000  2000.000000000000     0.001000000047     6.000000000000    90.000000000000     0.004999999888     0.000010000000    -0.046630769968     1.000000000000     0.000665680156
    25.000000000000    25.000000000000     8.000000000000  1000.000000000000    15.000000000000     6.000000000000    20.000000000000     4.000000000000  2000.000000000000     0.001000000047     6.000000000000    90.000000000000     0.004999999888     0.000010000000    -0.065283082426     1.000000000000     0.000794532360
    25.000000000000    25.000000000000    10.000000000000  1000.000000000000    15.000000000000     6.000000000000    20.000000000000     4.000000000000  2000.000000000000     0.001000000047     6.000000000000    90.000000000000     0.004999999888     0.000010000000    -0.083935394883     1.000000000000     0.001376235741
    25.000000000000    25.000000000000     4.000000000000  1000.000000000000    15.000000000000     4.000000000000    30.000000000000     4.000000000000  2000.000000000000     0.001000000047     6.000000000000    90.000000000000     0.004999999888     0.000010000000    -0.041967689991     1.000000000000     0.001042405725
    50.000000000000    50.000000000000     8.000000000000  1000.000000000000    15.000000000000     5.000000000000    20.000000000000     4.000000000000  2000.000000000000     0.001000000047     6.000000000000    90.000000000000     0.004999999888     0.000010000000    -0.166845515370     1.000000000000     0.000502058887
    50.000000000000    50.000000000000    10.000000000000  1000.000000000000    15.000000000000     5.000000000000    20.000000000000     4.000000000000  2000.000000000000     0.001000000047     6.000000000000    90.000000000000     0.004999999888     0.000010000000    -0.214515641332     1.000000000000     0.000651738141
    25.000000000000    25.000000000000     8.000000000000  1500.000000000000    15.000000000000     5.000000000000    20.000000000000     4.000000000000  2000.000000000000     0.001000000047     6.000000000000    90.000000000000     0.004999999888     0.000010000000    -0.065283074975     1.000000000000     0.006147917826
    25.000000000000    25.000000000000    10.000000000000  1500.000000000000    15.000000000000     5.000000000000    20.000000000000     4.000000000000  2000.000000000000     0.001000000047     6.000000000000    90.000000000000     0.004999999888     0.000010000000    -0.083935394883     1.000000000000     0.004608698655
    25.000000000000    25.000000000000     4.000000000000  1500.000000000000    15.000000000000     6.000000000000    20.000000000000     4.000000000000  2000.000000000000     0.001000000047     6.000000000000    90.000000000000     0.004999999888     0.000010000000    -0.027978461236     1.000000000000     0.004105978645
    50.000000000000    50.000000000000     8.000000000000  1500.000000000000    15.000000000000     5.000000000000    20.000000000000     4.000000000000  2000.000000000000     0.001000000047     6.000000000000    90.000000000000     0.004999999888     0.000010000000    -0.166845515370     1.000000000000     0.002893460216
    50.000000000000    50.000000000000    10.000000000000  1500.000000000000    15.000000000000     5.000000000000    20.000000000000     4.000000000000  2000.000000000000     0.001000000047     6.000000000000    90.000000000000     0.004999999888     0.000010000000    -0.214515641332     1.000000000000     0.003327402519
    50.000000000000    50.000000000000     4.000000000000  1500.000000000000    15.000000000000     6.000000000000    20.000000000000     4.000000000000  2000.000000000000     0.001000000047     6.000000000000    90.000000000000     0.004999999888     0.000010000000    -0.071505218744     1.000000000000     0.004013418686
    25.000000000000    25.000000000000     8.000000000000  2000.000000000000    15.000000000000     5.000000000000    20.000000000000     4.000000000000  2000.000000000000     0.001000000047     6.000000000000    90.000000000000     0.004999999888     0.000010000000    -0.065283074975     1.000000000000     0.013005369343
    25.000000000000    25.000000000000     8.000000000000   500.000000000000    20.000000000000     5.000000000000    20.000000000000     4.000000000000  2000.000000000000     0.001000000047     6.000000000000    90.000000000000     0.004999999888     0.000010000000    -0.065283074975     1.000000000000     0.000026104492
    25.000000000000    25.000000000000     8.000000000000  1000.000000000000    20.000000000000     5.000000000000    20.000000000000     4.000000000000  2000.000000000000     0.001000000047     6.000000000000    90.000000000000     0.004999999888     0.000010000000    -0.065283074975     1.000000000000     0.001133862650
    25.000000000000    25.000000000000     8.000000000000  2000.000000000000    20.000000000000     5.000000000000    20.000000000000     4.000000000000  2000.000000000000     0.001000000047     6.000000000000    90.000000000000     0.004999999888     0.000010000000    -0.065283074975     1.000000000000     0.018573107198
