 
    25.000000000000    25.000000000000     4.000000000000   500.000000000000     5.000000000000     6.000000000000    40.000000000000     4.000000000000  1000.000000000000     0.001000000047    12.000000000000    90.000000000000     0.004999999888     0.000010000000    -0.055956926197     1.000000000000     0.000000000000
    50.000000000000    50.000000000000     4.000000000000   500.000000000000     5.000000000000     6.000000000000    40.000000000000     4.000000000000  1000.000000000000     0.001000000047    12.000000000000    90.000000000000     0.004999999888     0.000010000000    -0.143010437489     1.000000000000     0.000000246215
    50.000000000000    50.000000000000     6.000000000000   500.000000000000     5.000000000000     6.000000000000    40.000000000000     4.000000000000  1000.000000000000     0.001000000047    12.000000000000    90.000000000000     0.004999999888     0.000010000000    -0.238350704312     1.000000000000     0.000000374102
    50.000000000000    50.000000000000     8.000000000000   500.000000000000     5.000000000000     6.000000000000    40.000000000000     4.000000000000  1000.000000000000     0.001000000047    12.000000000000    90.000000000000     0.004999999888     0.000010000000    -0.333691030741     1.000000000000     0.000001457262
   335.000000000000    25.000000000000     4.000000000000  1000.000000000000     5.000000000000     6.000000000000    40.000000000000     4.000000000000  1000.000000000000     0.001000000047    12.000000000000    90.000000000000     0.004999999888     0.000010000000     0.019021540880     1.000000000000     0.626298129559
   335.000000000000    25.000000000000     6.000000000000  1000.000000000000     5.000000000000     6.000000000000    40.000000000000     4.000000000000  1000.000000000000     0.001000000047    12.000000000000    90.000000000000     0.004999999888     0.000010000000     0.020369224250     1.000000000000     1.621370196342
    25.000000000000    25.000000000000     4.000000000000  1000.000000000000     5.000000000000     6.000000000000    40.000000000000     4.000000000000  1000.000000000000     0.001000000047    12.000000000000    90.000000000000     0.004999999888     0.000010000000    -0.055956926197     1.000000000000     0.000186334975
    50.000000000000    50.000000000000     4.000000000000  1000.000000000000     5.000000000000     6.000000000000    40.000000000000     4.000000000000  1000.000000000000     0.001000000047    12.000000000000    90.000000000000     0.004999999888     0.000010000000    -0.143010437489     1.000000000000     0.000099810837
    50.000000000000    50.000000000000     6.000000000000  1000.000000000000     5.000000000000     6.000000000000    40.000000000000     4.000000000000  1000.000000000000     0.001000000047    12.000000000000    90.000000000000     0.004999999888     0.000010000000    -0.238350704312     1.000000000000     0.000089406174
    50.000000000000    50.000000000000     8.000000000000  1000.000000000000     5.000000000000     6.000000000000    40.000000000000     4.000000000000  1000.000000000000     0.001000000047    12.000000000000    90.000000000000     0.004999999888     0.000010000000    -0.333691030741     1.000000000000     0.000148646533
    50.000000000000    50.000000000000    10.000000000000  1000.000000000000     5.000000000000     6.000000000000    40.000000000000     4.000000000000  1000.000000000000     0.001000000047    12.000000000000    90.000000000000     0.004999999888     0.000010000000    -0.429031252861     1.000000000000     0.000113930138
    50.000000000000    50.000000000000     4.000000000000  1000.000000000000     5.000000000000     3.000000000000    20.000000000000     4.000000000000  2000.000000000000     0.001000000047    12.000000000000    90.000000000000     0.004999999888     0.000010000000    -0.071505218744     1.000000000000     0.000115043040
    50.000000000000    50.000000000000     6.000000000000  1000.000000000000     5.000000000000     3.000000000000    20.000000000000     4.000000000000  2000.000000000000     0.001000000047    12.000000000000    90.000000000000     0.004999999888     0.000010000000    -0.119175344706     1.000000000000     0.000089926973
    50.000000000000    50.000000000000     8.000000000000  1000.000000000000     5.000000000000     3.000000000000    20.000000000000     4.000000000000  2000.000000000000     0.001000000047    12.000000000000    90.000000000000     0.004999999888     0.000010000000    -0.166845500469     1.000000000000     0.000059019651
    50.000000000000    50.000000000000    10.000000000000  1000.000000000000     5.000000000000     3.000000000000    20.000000000000     4.000000000000  2000.000000000000     0.001000000047    12.000000000000    90.000000000000     0.004999999888     0.000010000000    -0.214515626431     1.000000000000     0.000058642810
    50.000000000000    50.000000000000     4.000000000000  1000.000000000000     5.000000000000     4.000000000000    20.000000000000     4.000000000000  2000.000000000000     0.001000000047    12.000000000000    90.000000000000     0.004999999888     0.000010000000    -0.071505218744     1.000000000000     0.000082467639
    50.000000000000    50.000000000000     6.000000000000  1000.000000000000     5.000000000000     4.000000000000    20.000000000000     4.000000000000  2000.000000000000     0.001000000047    12.000000000000    90.000000000000     0.004999999888     0.000010000000    -0.119175359607     1.000000000000     0.000095144693
    25.000000000000    25.000000000000     4.000000000000  1500.000000000000     5.000000000000     6.000000000000    40.000000000000     4.000000000000  1000.000000000000     0.001000000047    12.000000000000    90.000000000000     0.004999999888     0.000010000000    -0.055956926197     1.000000000000     0.000000000000
   335.000000000000    25.000000000000     4.000000000000  2000.000000000000     5.000000000000     6.000000000000    40.000000000000     4.000000000000  1000.000000000000     0.001000000047    12.000000000000    90.000000000000     0.004999999888     0.000010000000     0.019021540880     1.000000000000     4.960836887360
   335.000000000000    25.000000000000     6.000000000000  2000.000000000000     5.000000000000     6.000000000000    40.000000000000     4.000000000000  1000.000000000000     0.001000000047    12.000000000000    90.000000000000     0.004999999888     0.000010000000     0.020369224250     1.000000000000     4.878859996796
    25.000000000000    25.000000000000     4.000000000000  2000.000000000000     5.000000000000     6.000000000000    40.000000000000     4.000000000000  1000.000000000000     0.001000000047    12.000000000000    90.000000000000     0.004999999888     0.000010000000    -0.055956926197     1.000000000000     0.004120159894
    25.000000000000    25.000000000000     6.000000000000  2000.000000000000     5.000000000000     6.000000000000    40.000000000000     4.000000000000  1000.000000000000     0.001000000047    12.000000000000    90.000000000000     0.004999999888     0.000010000000    -0.093261539936     1.000000000000     0.003065154189
    25.000000000000    25.000000000000     8.000000000000  2000.000000000000     5.000000000000     6.000000000000    40.000000000000     4.000000000000  1000.000000000000     0.001000000047    12.000000000000    90.000000000000     0.004999999888     0.000010000000    -0.130566149950     1.000000000000     0.002461815951
    25.000000000000    25.000000000000    10.000000000000  2000.000000000000     5.000000000000     6.000000000000    40.000000000000     4.000000000000  1000.000000000000     0.001000000047    12.000000000000    90.000000000000     0.004999999888     0.000010000000    -0.167870789766     1.000000000000     0.004087984096
    25.000000000000    25.000000000000     4.000000000000  2000.000000000000     5.000000000000     3.000000000000    20.000000000000     4.000000000000  2000.000000000000     0.001000000047    12.000000000000    90.000000000000     0.004999999888     0.000010000000    -0.027978463098     1.000000000000     0.002621348482
    25.000000000000    25.000000000000     6.000000000000  2000.000000000000     5.000000000000     3.000000000000    20.000000000000     4.000000000000  2000.000000000000     0.001000000047    12.000000000000    90.000000000000     0.004999999888     0.000010000000    -0.046630769968     1.000000000000     0.002912052674
    25.000000000000    25.000000000000     8.000000000000  2000.000000000000     5.000000000000     3.000000000000    20.000000000000     4.000000000000  2000.000000000000     0.001000000047    12.000000000000    90.000000000000     0.004999999888     0.000010000000    -0.065283074975     1.000000000000     0.002561218338
    50.000000000000    50.000000000000     4.000000000000  2000.000000000000     5.000000000000     6.000000000000    40.000000000000     4.000000000000  1000.000000000000     0.001000000047    12.000000000000    90.000000000000     0.004999999888     0.000010000000    -0.143010437489     1.000000000000     0.003420840483
    50.000000000000    50.000000000000     6.000000000000  2000.000000000000     5.000000000000     6.000000000000    40.000000000000     4.000000000000  1000.000000000000     0.001000000047    12.000000000000    90.000000000000     0.004999999888     0.000010000000    -0.238350704312     1.000000000000     0.003824909450
    50.000000000000    50.000000000000     8.000000000000  2000.000000000000     5.000000000000     6.000000000000    40.000000000000     4.000000000000  1000.000000000000     0.001000000047    12.000000000000    90.000000000000     0.004999999888     0.000010000000    -0.333691030741     1.000000000000     0.003482483095
   335.000000000000    25.000000000000     4.000000000000   500.000000000000    10.000000000000     6.000000000000    40.000000000000     4.000000000000  1000.000000000000     0.001000000047    12.000000000000    90.000000000000     0.004999999888     0.000010000000     0.019021540880     1.000000000000     0.092361852527
   335.000000000000    25.000000000000     4.000000000000  1000.000000000000    10.000000000000     6.000000000000    40.000000000000     4.000000000000  1000.000000000000     0.001000000047    12.000000000000    90.000000000000     0.004999999888     0.000010000000     0.019021540880     1.000000000000     1.586194038391
   335.000000000000    25.000000000000     6.000000000000  1000.000000000000    10.000000000000     6.000000000000    40.000000000000     4.000000000000  1000.000000000000     0.001000000047    12.000000000000    90.000000000000     0.004999999888     0.000010000000     0.020369224250     1.000000000000     1.583443045616
   335.000000000000    25.000000000000     8.000000000000  1000.000000000000    10.000000000000     6.000000000000    40.000000000000     4.000000000000  1000.000000000000     0.001000000047    12.000000000000    90.000000000000     0.004999999888     0.000010000000     0.016716912389     1.000000000000     1.621760249138
    25.000000000000    25.000000000000     4.000000000000  1000.000000000000    10.000000000000     6.000000000000    40.000000000000     4.000000000000  1000.000000000000     0.001000000047    12.000000000000    90.000000000000     0.004999999888     0.000010000000    -0.055956926197     1.000000000000     0.000189129874
    25.000000000000    25.000000000000     6.000000000000  1000.000000000000    10.000000000000     6.000000000000    40.000000000000     4.000000000000  1000.000000000000     0.001000000047    12.000000000000    90.000000000000     0.004999999888     0.000010000000    -0.093261539936     1.000000000000     0.000203494099
    25.000000000000    25.000000000000     8.000000000000  1000.000000000000    10.000000000000     6.000000000000    40.000000000000     4.000000000000  1000.000000000000     0.001000000047    12.000000000000    90.000000000000     0.004999999888     0.000010000000    -0.130566149950     1.000000000000     0.000175287219
    25.000000000000    25.000000000000    10.000000000000  1000.000000000000    10.000000000000     6.000000000000    40.000000000000     4.000000000000  1000.000000000000     0.001000000047    12.000000000000    90.000000000000     0.004999999888     0.000010000000    -0.167870789766     1.000000000000     0.000167009624
    25.000000000000    25.000000000000     4.000000000000  1000.000000000000    10.000000000000     3.000000000000    20.000000000000     4.000000000000  2000.000000000000     0.001000000047    12.000000000000    90.000000000000     0.004999999888     0.000010000000    -0.027978463098     1.000000000000     0.000171442472
    25.000000000000    25.000000000000     6.000000000000  1000.000000000000    10.000000000000     3.000000000000    20.000000000000     4.000000000000  2000.000000000000     0.001000000047    12.000000000000    90.000000000000     0.004999999888     0.000010000000    -0.046630769968     1.000000000000     0.000101024169
    25.000000000000    25.000000000000     8.000000000000  1000.000000000000    10.000000000000     3.000000000000    20.000000000000     4.000000000000  2000.000000000000     0.001000000047    12.000000000000    90.000000000000     0.004999999888     0.000010000000    -0.065283074975     1.000000000000     0.000050911964
   310.000000000000    50.000000000000     4.000000000000  1000.000000000000    10.000000000000     6.000000000000    40.000000000000     4.000000000000  1000.000000000000     0.001000000047    12.000000000000    90.000000000000     0.004999999888     0.000010000000     0.035494774580     1.000000000000     1.420399904251
   310.000000000000    50.000000000000     6.000000000000  1000.000000000000    10.000000000000     6.000000000000    40.000000000000     4.000000000000  1000.000000000000     0.001000000047    12.000000000000    90.000000000000     0.004999999888     0.000010000000     0.032824665308     1.000000000000     1.425447583199
   310.000000000000    50.000000000000     8.000000000000  1000.000000000000    10.000000000000     6.000000000000    40.000000000000     4.000000000000  1000.000000000000     0.001000000047    12.000000000000    90.000000000000     0.004999999888     0.000010000000     0.035154491663     1.000000000000     1.396111965179
   310.000000000000    50.000000000000    10.000000000000  1000.000000000000    10.000000000000     6.000000000000    40.000000000000     4.000000000000  1000.000000000000     0.001000000047    12.000000000000    90.000000000000     0.004999999888     0.000010000000     0.032484382391     1.000000000000     1.402687549591
   310.000000000000    50.000000000000     4.000000000000  1000.000000000000    10.000000000000     3.000000000000    20.000000000000     4.000000000000  2000.000000000000     0.001000000047    12.000000000000    90.000000000000     0.004999999888     0.000010000000     0.022747389972     1.000000000000     1.396099090576
   310.000000000000    50.000000000000     6.000000000000  1000.000000000000    10.000000000000     3.000000000000    20.000000000000     4.000000000000  2000.000000000000     0.001000000047    12.000000000000    90.000000000000     0.004999999888     0.000010000000     0.023912325501     1.000000000000     1.407976269722
   335.000000000000    25.000000000000     4.000000000000  1500.000000000000    10.000000000000     6.000000000000    40.000000000000     4.000000000000  1000.000000000000     0.001000000047    12.000000000000    90.000000000000     0.004999999888     0.000010000000     0.019021540880     1.000000000000    12.554198265076
    25.000000000000    25.000000000000     4.000000000000  1500.000000000000    10.000000000000     6.000000000000    40.000000000000     4.000000000000  1000.000000000000     0.001000000047    12.000000000000    90.000000000000     0.004999999888     0.000010000000    -0.055956926197     1.000000000000     0.001049381681
    25.000000000000    25.000000000000     6.000000000000  1500.000000000000    10.000000000000     6.000000000000    40.000000000000     4.000000000000  1000.000000000000     0.001000000047    12.000000000000    90.000000000000     0.004999999888     0.000010000000    -0.093261539936     1.000000000000     0.000816240790
    25.000000000000    25.000000000000     8.000000000000  1500.000000000000    10.000000000000     6.000000000000    40.000000000000     4.000000000000  1000.000000000000     0.001000000047    12.000000000000    90.000000000000     0.004999999888     0.000010000000    -0.130566149950     1.000000000000     0.000860411848
    25.000000000000    25.000000000000    10.000000000000  1500.000000000000    10.000000000000     6.000000000000    40.000000000000     4.000000000000  1000.000000000000     0.001000000047    12.000000000000    90.000000000000     0.004999999888     0.000010000000    -0.167870789766     1.000000000000     0.000663113256
    25.000000000000    25.000000000000     4.000000000000  1500.000000000000    10.000000000000     3.000000000000    20.000000000000     4.000000000000  2000.000000000000     0.001000000047    12.000000000000    90.000000000000     0.004999999888     0.000010000000    -0.027978463098     1.000000000000     0.001279071555
    25.000000000000    25.000000000000     6.000000000000  1500.000000000000    10.000000000000     3.000000000000    20.000000000000     4.000000000000  2000.000000000000     0.001000000047    12.000000000000    90.000000000000     0.004999999888     0.000010000000    -0.046630769968     1.000000000000     0.000996924238
    50.000000000000    50.000000000000     4.000000000000  1500.000000000000    10.000000000000     6.000000000000    40.000000000000     4.000000000000  1000.000000000000     0.001000000047    12.000000000000    90.000000000000     0.004999999888     0.000010000000    -0.143010437489     1.000000000000     0.000936749449
    50.000000000000    50.000000000000     6.000000000000  1500.000000000000    10.000000000000     6.000000000000    40.000000000000     4.000000000000  1000.000000000000     0.001000000047    12.000000000000    90.000000000000     0.004999999888     0.000010000000    -0.238350704312     1.000000000000     0.000793066109
    50.000000000000    50.000000000000     8.000000000000  1500.000000000000    10.000000000000     6.000000000000    40.000000000000     4.000000000000  1000.000000000000     0.001000000047    12.000000000000    90.000000000000     0.004999999888     0.000010000000    -0.333691030741     1.000000000000     0.000819867710
   335.000000000000    25.000000000000     4.000000000000  2000.000000000000    10.000000000000     6.000000000000    40.000000000000     4.000000000000  1000.000000000000     0.001000000047    12.000000000000    90.000000000000     0.004999999888     0.000010000000     0.019021540880     1.000000000000     4.743201732635
   335.000000000000    25.000000000000     6.000000000000  2000.000000000000    10.000000000000     6.000000000000    40.000000000000     4.000000000000  1000.000000000000     0.001000000047    12.000000000000    90.000000000000     0.004999999888     0.000010000000     0.020369224250     1.000000000000     4.885102748871
    25.000000000000    25.000000000000     4.000000000000   500.000000000000    15.000000000000     6.000000000000    40.000000000000     4.000000000000  1000.000000000000     0.001000000047    12.000000000000    90.000000000000     0.004999999888     0.000010000000    -0.055956926197     1.000000000000     0.000000000000
    25.000000000000    25.000000000000     6.000000000000   500.000000000000    15.000000000000     6.000000000000    40.000000000000     4.000000000000  1000.000000000000     0.001000000047    12.000000000000    90.000000000000     0.004999999888     0.000010000000    -0.093261539936     1.000000000000     0.000000000000
    25.000000000000    25.000000000000     8.000000000000   500.000000000000    15.000000000000     6.000000000000    40.000000000000     4.000000000000  1000.000000000000     0.001000000047    12.000000000000    90.000000000000     0.004999999888     0.000010000000    -0.130566149950     1.000000000000     0.000000000000
    50.000000000000    50.000000000000     4.000000000000   500.000000000000    15.000000000000     6.000000000000    40.000000000000     4.000000000000  1000.000000000000     0.001000000047    12.000000000000    90.000000000000     0.004999999888     0.000010000000    -0.143010437489     1.000000000000     0.000000567924
    50.000000000000    50.000000000000     6.000000000000   500.000000000000    15.000000000000     6.000000000000    40.000000000000     4.000000000000  1000.000000000000     0.001000000047    12.000000000000    90.000000000000     0.004999999888     0.000010000000    -0.238350704312     1.000000000000     0.000000430515
    50.000000000000    50.000000000000     8.000000000000   500.000000000000    15.000000000000     6.000000000000    40.000000000000     4.000000000000  1000.000000000000     0.001000000047    12.000000000000    90.000000000000     0.004999999888     0.000010000000    -0.333691030741     1.000000000000     0.000000342264
    50.000000000000    50.000000000000    10.000000000000   500.000000000000    15.000000000000     6.000000000000    40.000000000000     4.000000000000  1000.000000000000     0.001000000047    12.000000000000    90.000000000000     0.004999999888     0.000010000000    -0.429031252861     1.000000000000     0.000000115354
    50.000000000000    50.000000000000     4.000000000000   500.000000000000    15.000000000000     3.000000000000    20.000000000000     4.000000000000  2000.000000000000     0.001000000047    12.000000000000    90.000000000000     0.004999999888     0.000010000000    -0.071505218744     1.000000000000     0.000000191437
    25.000000000000    25.000000000000     4.000000000000  1000.000000000000    15.000000000000     6.000000000000    40.000000000000     4.000000000000  1000.000000000000     0.001000000047    12.000000000000    90.000000000000     0.004999999888     0.000010000000    -0.055956926197     1.000000000000     0.000060495084
    25.000000000000    25.000000000000     6.000000000000  1000.000000000000    15.000000000000     6.000000000000    40.000000000000     4.000000000000  1000.000000000000     0.001000000047    12.000000000000    90.000000000000     0.004999999888     0.000010000000    -0.093261539936     1.000000000000     0.000045301451
    25.000000000000    25.000000000000     4.000000000000  1500.000000000000    15.000000000000     6.000000000000    40.000000000000     4.000000000000  1000.000000000000     0.001000000047    12.000000000000    90.000000000000     0.004999999888     0.000010000000    -0.055956926197     1.000000000000     0.001060995040
    50.000000000000    50.000000000000     4.000000000000  1500.000000000000    15.000000000000     6.000000000000    40.000000000000     4.000000000000  1000.000000000000     0.001000000047    12.000000000000    90.000000000000     0.004999999888     0.000010000000    -0.143010437489     1.000000000000     0.000901912746
    50.000000000000    50.000000000000     6.000000000000  1500.000000000000    15.000000000000     6.000000000000    40.000000000000     4.000000000000  1000.000000000000     0.001000000047    12.000000000000    90.000000000000     0.004999999888     0.000010000000    -0.238350704312     1.000000000000     0.000962081715
    50.000000000000    50.000000000000     8.000000000000  1500.000000000000    15.000000000000     6.000000000000    40.000000000000     4.000000000000  1000.000000000000     0.001000000047    12.000000000000    90.000000000000     0.004999999888     0.000010000000    -0.333691030741     1.000000000000     0.000842923881
    50.000000000000    50.000000000000    10.000000000000  1500.000000000000    15.000000000000     6.000000000000    40.000000000000     4.000000000000  1000.000000000000     0.001000000047    12.000000000000    90.000000000000     0.004999999888     0.000010000000    -0.429031252861     1.000000000000     0.000951416558
    50.000000000000    50.000000000000     4.000000000000  1500.000000000000    15.000000000000     3.000000000000    20.000000000000     4.000000000000  2000.000000000000     0.001000000047    12.000000000000    90.000000000000     0.004999999888     0.000010000000    -0.071505218744     1.000000000000     0.000807496137
    50.000000000000    50.000000000000     6.000000000000  1500.000000000000    15.000000000000     3.000000000000    20.000000000000     4.000000000000  2000.000000000000     0.001000000047    12.000000000000    90.000000000000     0.004999999888     0.000010000000    -0.119175344706     1.000000000000     0.000687863096
    25.000000000000    25.000000000000     4.000000000000  2000.000000000000    15.000000000000     6.000000000000    40.000000000000     4.000000000000  1000.000000000000     0.001000000047    12.000000000000    90.000000000000     0.004999999888     0.000010000000    -0.055956926197     1.000000000000     0.002353852848
    25.000000000000    25.000000000000     6.000000000000  2000.000000000000    15.000000000000     6.000000000000    40.000000000000     4.000000000000  1000.000000000000     0.001000000047    12.000000000000    90.000000000000     0.004999999888     0.000010000000    -0.093261539936     1.000000000000     0.003274285002
    25.000000000000    25.000000000000     8.000000000000  2000.000000000000    15.000000000000     6.000000000000    40.000000000000     4.000000000000  1000.000000000000     0.001000000047    12.000000000000    90.000000000000     0.004999999888     0.000010000000    -0.130566149950     1.000000000000     0.002609366085
   310.000000000000    50.000000000000     4.000000000000  2000.000000000000    15.000000000000     6.000000000000    40.000000000000     4.000000000000  1000.000000000000     0.001000000047    12.000000000000    90.000000000000     0.004999999888     0.000010000000     0.035494774580     1.000000000000     8.584870338440
   310.000000000000    50.000000000000     6.000000000000  2000.000000000000    15.000000000000     6.000000000000    40.000000000000     4.000000000000  1000.000000000000     0.001000000047    12.000000000000    90.000000000000     0.004999999888     0.000010000000     0.032824665308     1.000000000000     8.328895568848
   310.000000000000    50.000000000000     8.000000000000  2000.000000000000    15.000000000000     6.000000000000    40.000000000000     4.000000000000  1000.000000000000     0.001000000047    12.000000000000    90.000000000000     0.004999999888     0.000010000000     0.035154491663     1.000000000000    11.462292671204
   310.000000000000    50.000000000000    10.000000000000  2000.000000000000    15.000000000000     6.000000000000    40.000000000000     4.000000000000  1000.000000000000     0.001000000047    12.000000000000    90.000000000000     0.004999999888     0.000010000000     0.032484382391     1.000000000000    12.578717231750
   310.000000000000    50.000000000000     4.000000000000  2000.000000000000    15.000000000000     3.000000000000    20.000000000000     4.000000000000  2000.000000000000     0.001000000047    12.000000000000    90.000000000000     0.004999999888     0.000010000000     0.022747389972     1.000000000000    15.830979347229
    50.000000000000    50.000000000000     4.000000000000  2000.000000000000    15.000000000000     6.000000000000    40.000000000000     4.000000000000  1000.000000000000     0.001000000047    12.000000000000    90.000000000000     0.004999999888     0.000010000000    -0.143010437489     1.000000000000     0.004051649943
    50.000000000000    50.000000000000     6.000000000000  2000.000000000000    15.000000000000     6.000000000000    40.000000000000     4.000000000000  1000.000000000000     0.001000000047    12.000000000000    90.000000000000     0.004999999888     0.000010000000    -0.238350704312     1.000000000000     0.004830498714
    50.000000000000    50.000000000000     8.000000000000  2000.000000000000    15.000000000000     6.000000000000    40.000000000000     4.000000000000  1000.000000000000     0.001000000047    12.000000000000    90.000000000000     0.004999999888     0.000010000000    -0.333691030741     1.000000000000     0.003525454318
   335.000000000000    25.000000000000     4.000000000000   500.000000000000    20.000000000000     6.000000000000    40.000000000000     4.000000000000  1000.000000000000     0.001000000047    12.000000000000    90.000000000000     0.004999999888     0.000010000000     0.019021540880     1.000000000000     0.092033155262
    25.000000000000    25.000000000000     4.000000000000   500.000000000000    20.000000000000     6.000000000000    40.000000000000     4.000000000000  1000.000000000000     0.001000000047    12.000000000000    90.000000000000     0.004999999888     0.000010000000    -0.055956926197     1.000000000000     0.000000000000
    25.000000000000    25.000000000000     6.000000000000   500.000000000000    20.000000000000     6.000000000000    40.000000000000     4.000000000000  1000.000000000000     0.001000000047    12.000000000000    90.000000000000     0.004999999888     0.000010000000    -0.093261539936     1.000000000000     0.000006287291
    25.000000000000    25.000000000000     8.000000000000   500.000000000000    20.000000000000     6.000000000000    40.000000000000     4.000000000000  1000.000000000000     0.001000000047    12.000000000000    90.000000000000     0.004999999888     0.000010000000    -0.130566149950     1.000000000000     0.000006196308
    25.000000000000    25.000000000000    10.000000000000   500.000000000000    20.000000000000     6.000000000000    40.000000000000     4.000000000000  1000.000000000000     0.001000000047    12.000000000000    90.000000000000     0.004999999888     0.000010000000    -0.167870789766     1.000000000000     0.000003823529
    25.000000000000    25.000000000000     4.000000000000   500.000000000000    20.000000000000     3.000000000000    20.000000000000     4.000000000000  2000.000000000000     0.001000000047    12.000000000000    90.000000000000     0.004999999888     0.000010000000    -0.027978463098     1.000000000000     0.000001002509
    25.000000000000    25.000000000000     6.000000000000   500.000000000000    20.000000000000     3.000000000000    20.000000000000     4.000000000000  2000.000000000000     0.001000000047    12.000000000000    90.000000000000     0.004999999888     0.000010000000    -0.046630769968     1.000000000000     0.000001507300
    25.000000000000    25.000000000000     8.000000000000   500.000000000000    20.000000000000     3.000000000000    20.000000000000     4.000000000000  2000.000000000000     0.001000000047    12.000000000000    90.000000000000     0.004999999888     0.000010000000    -0.065283074975     1.000000000000     0.000003445153
    50.000000000000    50.000000000000     4.000000000000   500.000000000000    20.000000000000     6.000000000000    40.000000000000     4.000000000000  1000.000000000000     0.001000000047    12.000000000000    90.000000000000     0.004999999888     0.000010000000    -0.143010437489     1.000000000000     0.000002334061
    50.000000000000    50.000000000000     6.000000000000   500.000000000000    20.000000000000     6.000000000000    40.000000000000     4.000000000000  1000.000000000000     0.001000000047    12.000000000000    90.000000000000     0.004999999888     0.000010000000    -0.238350704312     1.000000000000     0.000000239483
    50.000000000000    50.000000000000     8.000000000000   500.000000000000    20.000000000000     6.000000000000    40.000000000000     4.000000000000  1000.000000000000     0.001000000047    12.000000000000    90.000000000000     0.004999999888     0.000010000000    -0.333691030741     1.000000000000     0.000002082003
    25.000000000000    25.000000000000     4.000000000000  1000.000000000000    20.000000000000     6.000000000000    40.000000000000     4.000000000000  1000.000000000000     0.001000000047    12.000000000000    90.000000000000     0.004999999888     0.000010000000    -0.055956926197     1.000000000000     0.000135044582
    25.000000000000    25.000000000000     6.000000000000  1000.000000000000    20.000000000000     6.000000000000    40.000000000000     4.000000000000  1000.000000000000     0.001000000047    12.000000000000    90.000000000000     0.004999999888     0.000010000000    -0.093261539936     1.000000000000     0.000117357733
   335.000000000000    25.000000000000     4.000000000000  1500.000000000000    20.000000000000     6.000000000000    40.000000000000     4.000000000000  1000.000000000000     0.001000000047    12.000000000000    90.000000000000     0.004999999888     0.000010000000     0.019021540880     1.000000000000     3.112268924713
   335.000000000000    25.000000000000     6.000000000000  1500.000000000000    20.000000000000     6.000000000000    40.000000000000     4.000000000000  1000.000000000000     0.001000000047    12.000000000000    90.000000000000     0.004999999888     0.000010000000     0.020369224250     1.000000000000     8.282730102539
   335.000000000000    25.000000000000     8.000000000000  1500.000000000000    20.000000000000     6.000000000000    40.000000000000     4.000000000000  1000.000000000000     0.001000000047    12.000000000000    90.000000000000     0.004999999888     0.000010000000     0.016716912389     1.000000000000     8.169617652893
   335.000000000000    25.000000000000    10.000000000000  1500.000000000000    20.000000000000     6.000000000000    40.000000000000     4.000000000000  1000.000000000000     0.001000000047    12.000000000000    90.000000000000     0.004999999888     0.000010000000     0.018064603209     1.000000000000     8.191245079041
   335.000000000000    25.000000000000     4.000000000000  1500.000000000000    20.000000000000     3.000000000000    20.000000000000     4.000000000000  2000.000000000000     0.001000000047    12.000000000000    90.000000000000     0.004999999888     0.000010000000     0.014510769397     1.000000000000     8.112023353577
    25.000000000000    25.000000000000     4.000000000000  1500.000000000000    20.000000000000     6.000000000000    40.000000000000     4.000000000000  1000.000000000000     0.001000000047    12.000000000000    90.000000000000     0.004999999888     0.000010000000    -0.055956926197     1.000000000000     0.000758140988
    25.000000000000    25.000000000000     6.000000000000  1500.000000000000    20.000000000000     6.000000000000    40.000000000000     4.000000000000  1000.000000000000     0.001000000047    12.000000000000    90.000000000000     0.004999999888     0.000010000000    -0.093261539936     1.000000000000     0.000762385083
   335.000000000000    25.000000000000     4.000000000000  2000.000000000000    20.000000000000     6.000000000000    40.000000000000     4.000000000000  1000.000000000000     0.001000000047    12.000000000000    90.000000000000     0.004999999888     0.000010000000     0.019021540880     1.000000000000    19.140739440918
   335.000000000000    25.000000000000     6.000000000000  2000.000000000000    20.000000000000     6.000000000000    40.000000000000     4.000000000000  1000.000000000000     0.001000000047    12.000000000000    90.000000000000     0.004999999888     0.000010000000     0.020369224250     1.000000000000    19.291795730591
   335.000000000000    25.000000000000     8.000000000000  2000.000000000000    20.000000000000     6.000000000000    40.000000000000     4.000000000000  1000.000000000000     0.001000000047    12.000000000000    90.000000000000     0.004999999888     0.000010000000     0.016716912389     1.000000000000    19.239601135254
   335.000000000000    25.000000000000    10.000000000000  2000.000000000000    20.000000000000     6.000000000000    40.000000000000     4.000000000000  1000.000000000000     0.001000000047    12.000000000000    90.000000000000     0.004999999888     0.000010000000     0.018064603209     1.000000000000    19.328653335571
    25.000000000000    25.000000000000     4.000000000000  2000.000000000000    20.000000000000     6.000000000000    40.000000000000     4.000000000000  1000.000000000000     0.001000000047    12.000000000000    90.000000000000     0.004999999888     0.000010000000    -0.055956926197     1.000000000000     0.002467897953
    50.000000000000    50.000000000000     4.000000000000  2000.000000000000    20.000000000000     6.000000000000    40.000000000000     4.000000000000  1000.000000000000     0.001000000047    12.000000000000    90.000000000000     0.004999999888     0.000010000000    -0.143010437489     1.000000000000     0.004129529465
    50.000000000000    50.000000000000     6.000000000000  2000.000000000000    20.000000000000     6.000000000000    40.000000000000     4.000000000000  1000.000000000000     0.001000000047    12.000000000000    90.000000000000     0.004999999888     0.000010000000    -0.238350704312     1.000000000000     0.003654132364
    50.000000000000    50.000000000000     8.000000000000  2000.000000000000    20.000000000000     6.000000000000    40.000000000000     4.000000000000  1000.000000000000     0.001000000047    12.000000000000    90.000000000000     0.004999999888     0.000010000000    -0.333691030741     1.000000000000     0.003697200911
    50.000000000000    50.000000000000    10.000000000000  2000.000000000000    20.000000000000     6.000000000000    40.000000000000     4.000000000000  1000.000000000000     0.001000000047    12.000000000000    90.000000000000     0.004999999888     0.000010000000    -0.429031252861     1.000000000000     0.003576090094
    50.000000000000    50.000000000000     4.000000000000  2000.000000000000    20.000000000000     3.000000000000    20.000000000000     4.000000000000  2000.000000000000     0.001000000047    12.000000000000    90.000000000000     0.004999999888     0.000010000000    -0.071505218744     1.000000000000     0.003298040945
    50.000000000000    50.000000000000     6.000000000000  2000.000000000000    20.000000000000     3.000000000000    20.000000000000     4.000000000000  2000.000000000000     0.001000000047    12.000000000000    90.000000000000     0.004999999888     0.000010000000    -0.119175344706     1.000000000000     0.003834183794
    50.000000000000    50.000000000000     8.000000000000  2000.000000000000    20.000000000000     3.000000000000    20.000000000000     4.000000000000  2000.000000000000     0.001000000047    12.000000000000    90.000000000000     0.004999999888     0.000010000000    -0.166845500469     1.000000000000     0.003944477532
    50.000000000000    50.000000000000    10.000000000000  2000.000000000000    20.000000000000     3.000000000000    20.000000000000     4.000000000000  2000.000000000000     0.001000000047    12.000000000000    90.000000000000     0.004999999888     0.000010000000    -0.214515626431     1.000000000000     0.003494767239
    50.000000000000    50.000000000000     4.000000000000  2000.000000000000    20.000000000000     4.000000000000    20.000000000000     4.000000000000  2000.000000000000     0.001000000047    12.000000000000    90.000000000000     0.004999999888     0.000010000000    -0.071505218744     1.000000000000     0.004106035456
    50.000000000000    50.000000000000     6.000000000000  2000.000000000000    20.000000000000     4.000000000000    20.000000000000     4.000000000000  2000.000000000000     0.001000000047    12.000000000000    90.000000000000     0.004999999888     0.000010000000    -0.119175359607     1.000000000000     0.004414067604
