 
   335.000000000000    25.000000000000     8.000000000000   500.000000000000     5.000000000000     4.000000000000    30.000000000000     4.000000000000  3000.000000000000     0.001000000047    12.000000000000    90.000000000000     0.004999999888     0.000010000000     0.019037686288     1.000000000000     0.124253474176
   335.000000000000    25.000000000000    10.000000000000   500.000000000000     5.000000000000     4.000000000000    30.000000000000     4.000000000000  3000.000000000000     0.001000000047    12.000000000000    90.000000000000     0.004999999888     0.000010000000     0.015048474073     1.000000000000     0.115952193737
   335.000000000000    25.000000000000     4.000000000000   500.000000000000     5.000000000000     5.000000000000    35.000000000000     4.000000000000  3000.000000000000     0.001000000047    12.000000000000    90.000000000000     0.004999999888     0.000010000000     0.018018845469     1.000000000000     0.142772316933
   335.000000000000    25.000000000000     6.000000000000   500.000000000000     5.000000000000     5.000000000000    35.000000000000     4.000000000000  3000.000000000000     0.001000000047    12.000000000000    90.000000000000     0.004999999888     0.000010000000     0.016698077321     1.000000000000     0.100842066109
   335.000000000000    25.000000000000     8.000000000000   500.000000000000     5.000000000000     5.000000000000    35.000000000000     4.000000000000  3000.000000000000     0.001000000047    12.000000000000    90.000000000000     0.004999999888     0.000010000000     0.020377323031     1.000000000000     0.081670641899
   335.000000000000    25.000000000000    10.000000000000   500.000000000000     5.000000000000     5.000000000000    35.000000000000     4.000000000000  3000.000000000000     0.001000000047    12.000000000000    90.000000000000     0.004999999888     0.000010000000     0.019056558609     1.000000000000     0.090708993375
    25.000000000000    25.000000000000     8.000000000000   500.000000000000     5.000000000000     4.000000000000    30.000000000000     4.000000000000  3000.000000000000     0.001000000047    12.000000000000    90.000000000000     0.004999999888     0.000010000000    -0.097924619913     1.000000000000     0.000030093346
    25.000000000000    25.000000000000    10.000000000000   500.000000000000     5.000000000000     4.000000000000    30.000000000000     4.000000000000  3000.000000000000     0.001000000047    12.000000000000    90.000000000000     0.004999999888     0.000010000000    -0.125903069973     1.000000000000     0.000000491085
    25.000000000000    25.000000000000     4.000000000000   500.000000000000     5.000000000000     5.000000000000    35.000000000000     4.000000000000  3000.000000000000     0.001000000047    12.000000000000    90.000000000000     0.004999999888     0.000010000000    -0.048962302506     1.000000000000     0.001477876562
    25.000000000000    25.000000000000     6.000000000000   500.000000000000     5.000000000000     5.000000000000    35.000000000000     4.000000000000  3000.000000000000     0.001000000047    12.000000000000    90.000000000000     0.004999999888     0.000010000000    -0.081603839993     1.000000000000     0.000085296764
    25.000000000000    25.000000000000     8.000000000000   500.000000000000     5.000000000000     5.000000000000    35.000000000000     4.000000000000  3000.000000000000     0.001000000047    12.000000000000    90.000000000000     0.004999999888     0.000010000000    -0.114245370030     1.000000000000     0.000004050880
    25.000000000000    25.000000000000    10.000000000000   500.000000000000     5.000000000000     5.000000000000    35.000000000000     4.000000000000  3000.000000000000     0.001000000047    12.000000000000    90.000000000000     0.004999999888     0.000010000000    -0.146886914968     1.000000000000     0.000001003778
    25.000000000000    25.000000000000     4.000000000000   500.000000000000     5.000000000000     6.000000000000    40.000000000000     4.000000000000  3000.000000000000     0.001000000047    12.000000000000    90.000000000000     0.004999999888     0.000010000000    -0.055956926197     1.000000000000     0.000911726733
    25.000000000000    25.000000000000     6.000000000000   500.000000000000     5.000000000000     6.000000000000    40.000000000000     4.000000000000  3000.000000000000     0.001000000047    12.000000000000    90.000000000000     0.004999999888     0.000010000000    -0.093261539936     1.000000000000     0.000004956987
   310.000000000000    50.000000000000     8.000000000000   500.000000000000     5.000000000000     4.000000000000    30.000000000000     4.000000000000  3000.000000000000     0.001000000047    12.000000000000    90.000000000000     0.004999999888     0.000010000000     0.027865886688     1.000000000000     0.133841812611
   310.000000000000    50.000000000000    10.000000000000   500.000000000000     5.000000000000     4.000000000000    30.000000000000     4.000000000000  3000.000000000000     0.001000000047    12.000000000000    90.000000000000     0.004999999888     0.000010000000     0.027113258839     1.000000000000     0.104419060051
   310.000000000000    50.000000000000     4.000000000000   500.000000000000     5.000000000000     5.000000000000    35.000000000000     4.000000000000  3000.000000000000     0.001000000047    12.000000000000    90.000000000000     0.004999999888     0.000010000000     0.029932945967     1.000000000000     0.196273788810
   310.000000000000    50.000000000000     6.000000000000   500.000000000000     5.000000000000     5.000000000000    35.000000000000     4.000000000000  3000.000000000000     0.001000000047    12.000000000000    90.000000000000     0.004999999888     0.000010000000     0.033221572638     1.000000000000     0.133335977793
   310.000000000000    50.000000000000     8.000000000000   500.000000000000     5.000000000000     5.000000000000    35.000000000000     4.000000000000  3000.000000000000     0.001000000047    12.000000000000    90.000000000000     0.004999999888     0.000010000000     0.031510174274     1.000000000000     0.078680120409
    50.000000000000    50.000000000000     8.000000000000   500.000000000000     5.000000000000     4.000000000000    30.000000000000     4.000000000000  3000.000000000000     0.001000000047    12.000000000000    90.000000000000     0.004999999888     0.000010000000    -0.250268250704     1.000000000000     0.000013378049
    50.000000000000    50.000000000000    10.000000000000   500.000000000000     5.000000000000     4.000000000000    30.000000000000     4.000000000000  3000.000000000000     0.001000000047    12.000000000000    90.000000000000     0.004999999888     0.000010000000    -0.321773499250     1.000000000000     0.000014089228
    50.000000000000    50.000000000000     4.000000000000   500.000000000000     5.000000000000     5.000000000000    35.000000000000     4.000000000000  3000.000000000000     0.001000000047    12.000000000000    90.000000000000     0.004999999888     0.000010000000    -0.125134125352     1.000000000000     0.002009344753
    50.000000000000    50.000000000000     6.000000000000   500.000000000000     5.000000000000     5.000000000000    35.000000000000     4.000000000000  3000.000000000000     0.001000000047    12.000000000000    90.000000000000     0.004999999888     0.000010000000    -0.208556875587     1.000000000000     0.000090142472
    50.000000000000    50.000000000000     8.000000000000   500.000000000000     5.000000000000     5.000000000000    35.000000000000     4.000000000000  3000.000000000000     0.001000000047    12.000000000000    90.000000000000     0.004999999888     0.000010000000    -0.291979640722     1.000000000000     0.000005275583
    50.000000000000    50.000000000000    10.000000000000   500.000000000000     5.000000000000     5.000000000000    35.000000000000     4.000000000000  3000.000000000000     0.001000000047    12.000000000000    90.000000000000     0.004999999888     0.000010000000    -0.375402361155     1.000000000000     0.000001071656
    50.000000000000    50.000000000000     4.000000000000   500.000000000000     5.000000000000     6.000000000000    40.000000000000     4.000000000000  3000.000000000000     0.001000000047    12.000000000000    90.000000000000     0.004999999888     0.000010000000    -0.143010437489     1.000000000000     0.001085797790
    50.000000000000    50.000000000000     6.000000000000   500.000000000000     5.000000000000     6.000000000000    40.000000000000     4.000000000000  3000.000000000000     0.001000000047    12.000000000000    90.000000000000     0.004999999888     0.000010000000    -0.238350704312     1.000000000000     0.000050659262
    50.000000000000    50.000000000000     8.000000000000   500.000000000000     5.000000000000     6.000000000000    40.000000000000     4.000000000000  3000.000000000000     0.001000000047    12.000000000000    90.000000000000     0.004999999888     0.000010000000    -0.333691030741     1.000000000000     0.000006619988
    50.000000000000    50.000000000000    10.000000000000   500.000000000000     5.000000000000     6.000000000000    40.000000000000     4.000000000000  3000.000000000000     0.001000000047    12.000000000000    90.000000000000     0.004999999888     0.000010000000    -0.429031252861     1.000000000000     0.000001309776
   335.000000000000    25.000000000000     8.000000000000  1000.000000000000     5.000000000000     4.000000000000    30.000000000000     4.000000000000  3000.000000000000     0.001000000047    12.000000000000    90.000000000000     0.004999999888     0.000010000000     0.019037686288     1.000000000000     2.207014322281
   335.000000000000    25.000000000000    10.000000000000  1000.000000000000     5.000000000000     4.000000000000    30.000000000000     4.000000000000  3000.000000000000     0.001000000047    12.000000000000    90.000000000000     0.004999999888     0.000010000000     0.015048474073     1.000000000000     1.961510777473
   335.000000000000    25.000000000000     4.000000000000  1000.000000000000     5.000000000000     5.000000000000    35.000000000000     4.000000000000  3000.000000000000     0.001000000047    12.000000000000    90.000000000000     0.004999999888     0.000010000000     0.018018845469     1.000000000000     2.299798488617
   335.000000000000    25.000000000000     6.000000000000  1000.000000000000     5.000000000000     5.000000000000    35.000000000000     4.000000000000  3000.000000000000     0.001000000047    12.000000000000    90.000000000000     0.004999999888     0.000010000000     0.016698077321     1.000000000000     1.726220726967
   335.000000000000    25.000000000000     8.000000000000  1000.000000000000     5.000000000000     5.000000000000    35.000000000000     4.000000000000  3000.000000000000     0.001000000047    12.000000000000    90.000000000000     0.004999999888     0.000010000000     0.020377323031     1.000000000000     1.471515893936
   335.000000000000    25.000000000000    10.000000000000  1000.000000000000     5.000000000000     5.000000000000    35.000000000000     4.000000000000  3000.000000000000     0.001000000047    12.000000000000    90.000000000000     0.004999999888     0.000010000000     0.019056558609     1.000000000000     1.595414996147
   335.000000000000    25.000000000000     4.000000000000  1000.000000000000     5.000000000000     6.000000000000    40.000000000000     4.000000000000  3000.000000000000     0.001000000047    12.000000000000    90.000000000000     0.004999999888     0.000010000000     0.019021540880     1.000000000000     2.546197891235
    25.000000000000    25.000000000000     8.000000000000  1000.000000000000     5.000000000000     4.000000000000    30.000000000000     4.000000000000  3000.000000000000     0.001000000047    12.000000000000    90.000000000000     0.004999999888     0.000010000000    -0.097924619913     1.000000000000     0.001130917692
    25.000000000000    25.000000000000    10.000000000000  1000.000000000000     5.000000000000     4.000000000000    30.000000000000     4.000000000000  3000.000000000000     0.001000000047    12.000000000000    90.000000000000     0.004999999888     0.000010000000    -0.125903069973     1.000000000000     0.000067811379
    25.000000000000    25.000000000000     4.000000000000  1000.000000000000     5.000000000000     5.000000000000    35.000000000000     4.000000000000  3000.000000000000     0.001000000047    12.000000000000    90.000000000000     0.004999999888     0.000010000000    -0.048962302506     1.000000000000     0.046176314354
    25.000000000000    25.000000000000     6.000000000000  1000.000000000000     5.000000000000     5.000000000000    35.000000000000     4.000000000000  3000.000000000000     0.001000000047    12.000000000000    90.000000000000     0.004999999888     0.000010000000    -0.081603839993     1.000000000000     0.003137478605
    25.000000000000    25.000000000000     8.000000000000  1000.000000000000     5.000000000000     5.000000000000    35.000000000000     4.000000000000  3000.000000000000     0.001000000047    12.000000000000    90.000000000000     0.004999999888     0.000010000000    -0.114245370030     1.000000000000     0.000330522453
    25.000000000000    25.000000000000    10.000000000000  1000.000000000000     5.000000000000     5.000000000000    35.000000000000     4.000000000000  3000.000000000000     0.001000000047    12.000000000000    90.000000000000     0.004999999888     0.000010000000    -0.146886914968     1.000000000000     0.000167265505
    25.000000000000    25.000000000000     4.000000000000  1000.000000000000     5.000000000000     6.000000000000    40.000000000000     4.000000000000  3000.000000000000     0.001000000047    12.000000000000    90.000000000000     0.004999999888     0.000010000000    -0.055956926197     1.000000000000     0.032590135932
    25.000000000000    25.000000000000     6.000000000000  1000.000000000000     5.000000000000     6.000000000000    40.000000000000     4.000000000000  3000.000000000000     0.001000000047    12.000000000000    90.000000000000     0.004999999888     0.000010000000    -0.093261539936     1.000000000000     0.000757363276
   310.000000000000    50.000000000000     8.000000000000  1000.000000000000     5.000000000000     4.000000000000    30.000000000000     4.000000000000  3000.000000000000     0.001000000047    12.000000000000    90.000000000000     0.004999999888     0.000010000000     0.027865886688     1.000000000000     2.283257722855
   310.000000000000    50.000000000000    10.000000000000  1000.000000000000     5.000000000000     4.000000000000    30.000000000000     4.000000000000  3000.000000000000     0.001000000047    12.000000000000    90.000000000000     0.004999999888     0.000010000000     0.027113258839     1.000000000000     1.950525641441
   310.000000000000    50.000000000000     4.000000000000  1000.000000000000     5.000000000000     5.000000000000    35.000000000000     4.000000000000  3000.000000000000     0.001000000047    12.000000000000    90.000000000000     0.004999999888     0.000010000000     0.029932945967     1.000000000000     3.485819816589
   310.000000000000    50.000000000000     6.000000000000  1000.000000000000     5.000000000000     5.000000000000    35.000000000000     4.000000000000  3000.000000000000     0.001000000047    12.000000000000    90.000000000000     0.004999999888     0.000010000000     0.033221572638     1.000000000000     2.324931144714
   310.000000000000    50.000000000000     8.000000000000  1000.000000000000     5.000000000000     5.000000000000    35.000000000000     4.000000000000  3000.000000000000     0.001000000047    12.000000000000    90.000000000000     0.004999999888     0.000010000000     0.031510174274     1.000000000000     1.434440851212
    50.000000000000    50.000000000000     8.000000000000  1000.000000000000     5.000000000000     4.000000000000    30.000000000000     4.000000000000  3000.000000000000     0.001000000047    12.000000000000    90.000000000000     0.004999999888     0.000010000000    -0.250268250704     1.000000000000     0.000601375708
    50.000000000000    50.000000000000    10.000000000000  1000.000000000000     5.000000000000     4.000000000000    30.000000000000     4.000000000000  3000.000000000000     0.001000000047    12.000000000000    90.000000000000     0.004999999888     0.000010000000    -0.321773499250     1.000000000000     0.000809860649
    50.000000000000    50.000000000000     4.000000000000  1000.000000000000     5.000000000000     5.000000000000    35.000000000000     4.000000000000  3000.000000000000     0.001000000047    12.000000000000    90.000000000000     0.004999999888     0.000010000000    -0.125134125352     1.000000000000     0.064267829061
    50.000000000000    50.000000000000     6.000000000000  1000.000000000000     5.000000000000     5.000000000000    35.000000000000     4.000000000000  3000.000000000000     0.001000000047    12.000000000000    90.000000000000     0.004999999888     0.000010000000    -0.208556875587     1.000000000000     0.004708260763
    50.000000000000    50.000000000000     8.000000000000  1000.000000000000     5.000000000000     5.000000000000    35.000000000000     4.000000000000  3000.000000000000     0.001000000047    12.000000000000    90.000000000000     0.004999999888     0.000010000000    -0.291979640722     1.000000000000     0.000674192677
    50.000000000000    50.000000000000    10.000000000000  1000.000000000000     5.000000000000     5.000000000000    35.000000000000     4.000000000000  3000.000000000000     0.001000000047    12.000000000000    90.000000000000     0.004999999888     0.000010000000    -0.375402361155     1.000000000000     0.000057177513
    50.000000000000    50.000000000000     4.000000000000  1000.000000000000     5.000000000000     6.000000000000    40.000000000000     4.000000000000  3000.000000000000     0.001000000047    12.000000000000    90.000000000000     0.004999999888     0.000010000000    -0.143010437489     1.000000000000     0.036008924246
    50.000000000000    50.000000000000     6.000000000000  1000.000000000000     5.000000000000     6.000000000000    40.000000000000     4.000000000000  3000.000000000000     0.001000000047    12.000000000000    90.000000000000     0.004999999888     0.000010000000    -0.238350704312     1.000000000000     0.002164253267
    50.000000000000    50.000000000000     8.000000000000  1000.000000000000     5.000000000000     6.000000000000    40.000000000000     4.000000000000  3000.000000000000     0.001000000047    12.000000000000    90.000000000000     0.004999999888     0.000010000000    -0.333691030741     1.000000000000     0.000564938644
   335.000000000000    25.000000000000     8.000000000000  1500.000000000000     5.000000000000     4.000000000000    30.000000000000     4.000000000000  3000.000000000000     0.001000000047    12.000000000000    90.000000000000     0.004999999888     0.000010000000     0.019037686288     1.000000000000    11.076322555542
   335.000000000000    25.000000000000    10.000000000000  1500.000000000000     5.000000000000     4.000000000000    30.000000000000     4.000000000000  3000.000000000000     0.001000000047    12.000000000000    90.000000000000     0.004999999888     0.000010000000     0.015048474073     1.000000000000     9.879322052002
   335.000000000000    25.000000000000     4.000000000000  1500.000000000000     5.000000000000     5.000000000000    35.000000000000     4.000000000000  3000.000000000000     0.001000000047    12.000000000000    90.000000000000     0.004999999888     0.000010000000     0.018018845469     1.000000000000    11.813871383667
   335.000000000000    25.000000000000     6.000000000000  1500.000000000000     5.000000000000     5.000000000000    35.000000000000     4.000000000000  3000.000000000000     0.001000000047    12.000000000000    90.000000000000     0.004999999888     0.000010000000     0.016698077321     1.000000000000     8.719456672668
   335.000000000000    25.000000000000     8.000000000000  1500.000000000000     5.000000000000     5.000000000000    35.000000000000     4.000000000000  3000.000000000000     0.001000000047    12.000000000000    90.000000000000     0.004999999888     0.000010000000     0.020377323031     1.000000000000     7.514928340912
   335.000000000000    25.000000000000    10.000000000000  1500.000000000000     5.000000000000     5.000000000000    35.000000000000     4.000000000000  3000.000000000000     0.001000000047    12.000000000000    90.000000000000     0.004999999888     0.000010000000     0.019056558609     1.000000000000     8.046916007996
   335.000000000000    25.000000000000     4.000000000000  1500.000000000000     5.000000000000     6.000000000000    40.000000000000     4.000000000000  3000.000000000000     0.001000000047    12.000000000000    90.000000000000     0.004999999888     0.000010000000     0.019021540880     1.000000000000    12.625803947449
    25.000000000000    25.000000000000     8.000000000000  1500.000000000000     5.000000000000     4.000000000000    30.000000000000     4.000000000000  3000.000000000000     0.001000000047    12.000000000000    90.000000000000     0.004999999888     0.000010000000    -0.097924619913     1.000000000000     0.008978343569
    25.000000000000    25.000000000000    10.000000000000  1500.000000000000     5.000000000000     4.000000000000    30.000000000000     4.000000000000  3000.000000000000     0.001000000047    12.000000000000    90.000000000000     0.004999999888     0.000010000000    -0.125903069973     1.000000000000     0.001283755060
    25.000000000000    25.000000000000     4.000000000000  1500.000000000000     5.000000000000     5.000000000000    35.000000000000     4.000000000000  3000.000000000000     0.001000000047    12.000000000000    90.000000000000     0.004999999888     0.000010000000    -0.048962302506     1.000000000000     0.236512914300
    25.000000000000    25.000000000000     6.000000000000  1500.000000000000     5.000000000000     5.000000000000    35.000000000000     4.000000000000  3000.000000000000     0.001000000047    12.000000000000    90.000000000000     0.004999999888     0.000010000000    -0.081603839993     1.000000000000     0.022031968459
    25.000000000000    25.000000000000     8.000000000000  1500.000000000000     5.000000000000     5.000000000000    35.000000000000     4.000000000000  3000.000000000000     0.001000000047    12.000000000000    90.000000000000     0.004999999888     0.000010000000    -0.114245370030     1.000000000000     0.002344510518
    25.000000000000    25.000000000000    10.000000000000  1500.000000000000     5.000000000000     5.000000000000    35.000000000000     4.000000000000  3000.000000000000     0.001000000047    12.000000000000    90.000000000000     0.004999999888     0.000010000000    -0.146886914968     1.000000000000     0.000789035519
    25.000000000000    25.000000000000     4.000000000000  1500.000000000000     5.000000000000     6.000000000000    40.000000000000     4.000000000000  3000.000000000000     0.001000000047    12.000000000000    90.000000000000     0.004999999888     0.000010000000    -0.055956926197     1.000000000000     0.183403760195
    25.000000000000    25.000000000000     6.000000000000  1500.000000000000     5.000000000000     6.000000000000    40.000000000000     4.000000000000  3000.000000000000     0.001000000047    12.000000000000    90.000000000000     0.004999999888     0.000010000000    -0.093261539936     1.000000000000     0.005379806738
   310.000000000000    50.000000000000     8.000000000000  1500.000000000000     5.000000000000     4.000000000000    30.000000000000     4.000000000000  3000.000000000000     0.001000000047    12.000000000000    90.000000000000     0.004999999888     0.000010000000     0.027865886688     1.000000000000    11.466398239136
   310.000000000000    50.000000000000    10.000000000000  1500.000000000000     5.000000000000     4.000000000000    30.000000000000     4.000000000000  3000.000000000000     0.001000000047    12.000000000000    90.000000000000     0.004999999888     0.000010000000     0.027113258839     1.000000000000     9.716783523560
   310.000000000000    50.000000000000     4.000000000000  1500.000000000000     5.000000000000     5.000000000000    35.000000000000     4.000000000000  3000.000000000000     0.001000000047    12.000000000000    90.000000000000     0.004999999888     0.000010000000     0.029932945967     1.000000000000    17.665142059326
   310.000000000000    50.000000000000     6.000000000000  1500.000000000000     5.000000000000     5.000000000000    35.000000000000     4.000000000000  3000.000000000000     0.001000000047    12.000000000000    90.000000000000     0.004999999888     0.000010000000     0.033221572638     1.000000000000    11.900333404541
   310.000000000000    50.000000000000     8.000000000000  1500.000000000000     5.000000000000     5.000000000000    35.000000000000     4.000000000000  3000.000000000000     0.001000000047    12.000000000000    90.000000000000     0.004999999888     0.000010000000     0.031510174274     1.000000000000     7.306895732880
    50.000000000000    50.000000000000     8.000000000000  1500.000000000000     5.000000000000     4.000000000000    30.000000000000     4.000000000000  3000.000000000000     0.001000000047    12.000000000000    90.000000000000     0.004999999888     0.000010000000    -0.250268250704     1.000000000000     0.005456318613
    50.000000000000    50.000000000000    10.000000000000  1500.000000000000     5.000000000000     4.000000000000    30.000000000000     4.000000000000  3000.000000000000     0.001000000047    12.000000000000    90.000000000000     0.004999999888     0.000010000000    -0.321773499250     1.000000000000     0.004712198861
    50.000000000000    50.000000000000     4.000000000000  1500.000000000000     5.000000000000     5.000000000000    35.000000000000     4.000000000000  3000.000000000000     0.001000000047    12.000000000000    90.000000000000     0.004999999888     0.000010000000    -0.125134125352     1.000000000000     0.322858303785
    50.000000000000    50.000000000000     6.000000000000  1500.000000000000     5.000000000000     5.000000000000    35.000000000000     4.000000000000  3000.000000000000     0.001000000047    12.000000000000    90.000000000000     0.004999999888     0.000010000000    -0.208556875587     1.000000000000     0.032298807055
    50.000000000000    50.000000000000     8.000000000000  1500.000000000000     5.000000000000     5.000000000000    35.000000000000     4.000000000000  3000.000000000000     0.001000000047    12.000000000000    90.000000000000     0.004999999888     0.000010000000    -0.291979640722     1.000000000000     0.003888475709
    50.000000000000    50.000000000000    10.000000000000  1500.000000000000     5.000000000000     5.000000000000    35.000000000000     4.000000000000  3000.000000000000     0.001000000047    12.000000000000    90.000000000000     0.004999999888     0.000010000000    -0.375402361155     1.000000000000     0.000744097691
    50.000000000000    50.000000000000     4.000000000000  1500.000000000000     5.000000000000     6.000000000000    40.000000000000     4.000000000000  3000.000000000000     0.001000000047    12.000000000000    90.000000000000     0.004999999888     0.000010000000    -0.143010437489     1.000000000000     0.204956859350
    50.000000000000    50.000000000000     6.000000000000  1500.000000000000     5.000000000000     6.000000000000    40.000000000000     4.000000000000  3000.000000000000     0.001000000047    12.000000000000    90.000000000000     0.004999999888     0.000010000000    -0.238350704312     1.000000000000     0.016501976177
   335.000000000000    25.000000000000     8.000000000000  2000.000000000000     5.000000000000     4.000000000000    30.000000000000     4.000000000000  3000.000000000000     0.001000000047    12.000000000000    90.000000000000     0.004999999888     0.000010000000     0.019037686288     1.000000000000    22.556106567383
   335.000000000000    25.000000000000    10.000000000000  2000.000000000000     5.000000000000     4.000000000000    30.000000000000     4.000000000000  3000.000000000000     0.001000000047    12.000000000000    90.000000000000     0.004999999888     0.000010000000     0.015048474073     1.000000000000    18.313045501709
   335.000000000000    25.000000000000     4.000000000000  2000.000000000000     5.000000000000     5.000000000000    35.000000000000     4.000000000000  3000.000000000000     0.001000000047    12.000000000000    90.000000000000     0.004999999888     0.000010000000     0.018018845469     1.000000000000    21.754920959473
   335.000000000000    25.000000000000     6.000000000000  2000.000000000000     5.000000000000     5.000000000000    35.000000000000     4.000000000000  3000.000000000000     0.001000000047    12.000000000000    90.000000000000     0.004999999888     0.000010000000     0.016698077321     1.000000000000    16.338380813599
   335.000000000000    25.000000000000     8.000000000000  2000.000000000000     5.000000000000     5.000000000000    35.000000000000     4.000000000000  3000.000000000000     0.001000000047    12.000000000000    90.000000000000     0.004999999888     0.000010000000     0.020377323031     1.000000000000    17.952817916870
   335.000000000000    25.000000000000    10.000000000000  2000.000000000000     5.000000000000     5.000000000000    35.000000000000     4.000000000000  3000.000000000000     0.001000000047    12.000000000000    90.000000000000     0.004999999888     0.000010000000     0.019056558609     1.000000000000    19.308130264282
   335.000000000000    25.000000000000     4.000000000000  2000.000000000000     5.000000000000     6.000000000000    40.000000000000     4.000000000000  3000.000000000000     0.001000000047    12.000000000000    90.000000000000     0.004999999888     0.000010000000     0.019021540880     1.000000000000    25.595069885254
    25.000000000000    25.000000000000     8.000000000000  2000.000000000000     5.000000000000     4.000000000000    30.000000000000     4.000000000000  3000.000000000000     0.001000000047    12.000000000000    90.000000000000     0.004999999888     0.000010000000    -0.097924619913     1.000000000000     0.027920877561
    25.000000000000    25.000000000000    10.000000000000  2000.000000000000     5.000000000000     4.000000000000    30.000000000000     4.000000000000  3000.000000000000     0.001000000047    12.000000000000    90.000000000000     0.004999999888     0.000010000000    -0.125903069973     1.000000000000     0.003922329284
    25.000000000000    25.000000000000     4.000000000000  2000.000000000000     5.000000000000     5.000000000000    35.000000000000     4.000000000000  3000.000000000000     0.001000000047    12.000000000000    90.000000000000     0.004999999888     0.000010000000    -0.048962302506     1.000000000000     0.771615803242
    25.000000000000    25.000000000000     6.000000000000  2000.000000000000     5.000000000000     5.000000000000    35.000000000000     4.000000000000  3000.000000000000     0.001000000047    12.000000000000    90.000000000000     0.004999999888     0.000010000000    -0.081603839993     1.000000000000     0.062507405877
    25.000000000000    25.000000000000     8.000000000000  2000.000000000000     5.000000000000     5.000000000000    35.000000000000     4.000000000000  3000.000000000000     0.001000000047    12.000000000000    90.000000000000     0.004999999888     0.000010000000    -0.114245370030     1.000000000000     0.008995644748
    25.000000000000    25.000000000000    10.000000000000  2000.000000000000     5.000000000000     5.000000000000    35.000000000000     4.000000000000  3000.000000000000     0.001000000047    12.000000000000    90.000000000000     0.004999999888     0.000010000000    -0.146886914968     1.000000000000     0.003255075775
    25.000000000000    25.000000000000     4.000000000000  2000.000000000000     5.000000000000     6.000000000000    40.000000000000     4.000000000000  3000.000000000000     0.001000000047    12.000000000000    90.000000000000     0.004999999888     0.000010000000    -0.055956926197     1.000000000000     0.576156198978
    25.000000000000    25.000000000000     6.000000000000  2000.000000000000     5.000000000000     6.000000000000    40.000000000000     4.000000000000  3000.000000000000     0.001000000047    12.000000000000    90.000000000000     0.004999999888     0.000010000000    -0.093261539936     1.000000000000     0.015777826309
   310.000000000000    50.000000000000     8.000000000000  2000.000000000000     5.000000000000     4.000000000000    30.000000000000     4.000000000000  3000.000000000000     0.001000000047    12.000000000000    90.000000000000     0.004999999888     0.000010000000     0.027865886688     1.000000000000    22.660991668701
   310.000000000000    50.000000000000    10.000000000000  2000.000000000000     5.000000000000     4.000000000000    30.000000000000     4.000000000000  3000.000000000000     0.001000000047    12.000000000000    90.000000000000     0.004999999888     0.000010000000     0.027113258839     1.000000000000    19.881065368652
   310.000000000000    50.000000000000     4.000000000000  2000.000000000000     5.000000000000     5.000000000000    35.000000000000     4.000000000000  3000.000000000000     0.001000000047    12.000000000000    90.000000000000     0.004999999888     0.000010000000     0.029932945967     1.000000000000    35.108695983887
   310.000000000000    50.000000000000     6.000000000000  2000.000000000000     5.000000000000     5.000000000000    35.000000000000     4.000000000000  3000.000000000000     0.001000000047    12.000000000000    90.000000000000     0.004999999888     0.000010000000     0.033221572638     1.000000000000    28.372381210327
   310.000000000000    50.000000000000     8.000000000000  2000.000000000000     5.000000000000     5.000000000000    35.000000000000     4.000000000000  3000.000000000000     0.001000000047    12.000000000000    90.000000000000     0.004999999888     0.000010000000     0.031510174274     1.000000000000    15.774635314941
    50.000000000000    50.000000000000     8.000000000000  2000.000000000000     5.000000000000     4.000000000000    30.000000000000     4.000000000000  3000.000000000000     0.001000000047    12.000000000000    90.000000000000     0.004999999888     0.000010000000    -0.250268250704     1.000000000000     0.021740410477
    50.000000000000    50.000000000000    10.000000000000  2000.000000000000     5.000000000000     4.000000000000    30.000000000000     4.000000000000  3000.000000000000     0.001000000047    12.000000000000    90.000000000000     0.004999999888     0.000010000000    -0.321773499250     1.000000000000     0.013691916130
    50.000000000000    50.000000000000     4.000000000000  2000.000000000000     5.000000000000     5.000000000000    35.000000000000     4.000000000000  3000.000000000000     0.001000000047    12.000000000000    90.000000000000     0.004999999888     0.000010000000    -0.125134125352     1.000000000000     1.072989702225
    50.000000000000    50.000000000000     6.000000000000  2000.000000000000     5.000000000000     5.000000000000    35.000000000000     4.000000000000  3000.000000000000     0.001000000047    12.000000000000    90.000000000000     0.004999999888     0.000010000000    -0.208556875587     1.000000000000     0.101337082684
    50.000000000000    50.000000000000     8.000000000000  2000.000000000000     5.000000000000     5.000000000000    35.000000000000     4.000000000000  3000.000000000000     0.001000000047    12.000000000000    90.000000000000     0.004999999888     0.000010000000    -0.291979640722     1.000000000000     0.014413522556
    50.000000000000    50.000000000000    10.000000000000  2000.000000000000     5.000000000000     5.000000000000    35.000000000000     4.000000000000  3000.000000000000     0.001000000047    12.000000000000    90.000000000000     0.004999999888     0.000010000000    -0.375402361155     1.000000000000     0.004410491791
    50.000000000000    50.000000000000     4.000000000000  2000.000000000000     5.000000000000     6.000000000000    40.000000000000     4.000000000000  3000.000000000000     0.001000000047    12.000000000000    90.000000000000     0.004999999888     0.000010000000    -0.143010437489     1.000000000000     0.673203527927
    50.000000000000    50.000000000000     6.000000000000  2000.000000000000     5.000000000000     6.000000000000    40.000000000000     4.000000000000  3000.000000000000     0.001000000047    12.000000000000    90.000000000000     0.004999999888     0.000010000000    -0.238350704312     1.000000000000     0.052514240146
   335.000000000000    25.000000000000     8.000000000000   500.000000000000    10.000000000000     4.000000000000    30.000000000000     4.000000000000  3000.000000000000     0.001000000047    12.000000000000    90.000000000000     0.004999999888     0.000010000000     0.019037686288     1.000000000000     0.123275004327
   335.000000000000    25.000000000000    10.000000000000   500.000000000000    10.000000000000     4.000000000000    30.000000000000     4.000000000000  3000.000000000000     0.001000000047    12.000000000000    90.000000000000     0.004999999888     0.000010000000     0.015048474073     1.000000000000     0.116076238453
   335.000000000000    25.000000000000     4.000000000000   500.000000000000    10.000000000000     5.000000000000    35.000000000000     4.000000000000  3000.000000000000     0.001000000047    12.000000000000    90.000000000000     0.004999999888     0.000010000000     0.018018845469     1.000000000000     0.134989961982
   335.000000000000    25.000000000000     6.000000000000   500.000000000000    10.000000000000     5.000000000000    35.000000000000     4.000000000000  3000.000000000000     0.001000000047    12.000000000000    90.000000000000     0.004999999888     0.000010000000     0.016698077321     1.000000000000     0.098571799695
   335.000000000000    25.000000000000     8.000000000000   500.000000000000    10.000000000000     5.000000000000    35.000000000000     4.000000000000  3000.000000000000     0.001000000047    12.000000000000    90.000000000000     0.004999999888     0.000010000000     0.020377323031     1.000000000000     0.080688320100
   335.000000000000    25.000000000000    10.000000000000   500.000000000000    10.000000000000     5.000000000000    35.000000000000     4.000000000000  3000.000000000000     0.001000000047    12.000000000000    90.000000000000     0.004999999888     0.000010000000     0.019056558609     1.000000000000     0.091064624488
   335.000000000000    25.000000000000     4.000000000000   500.000000000000    10.000000000000     6.000000000000    40.000000000000     4.000000000000  3000.000000000000     0.001000000047    12.000000000000    90.000000000000     0.004999999888     0.000010000000     0.019021540880     1.000000000000     0.146250352263
   335.000000000000    25.000000000000     6.000000000000   500.000000000000    10.000000000000     6.000000000000    40.000000000000     4.000000000000  3000.000000000000     0.001000000047    12.000000000000    90.000000000000     0.004999999888     0.000010000000     0.020369224250     1.000000000000     0.096651747823
    25.000000000000    25.000000000000     8.000000000000   500.000000000000    10.000000000000     4.000000000000    30.000000000000     4.000000000000  3000.000000000000     0.001000000047    12.000000000000    90.000000000000     0.004999999888     0.000010000000    -0.097924619913     1.000000000000     0.000014809591
    25.000000000000    25.000000000000    10.000000000000   500.000000000000    10.000000000000     4.000000000000    30.000000000000     4.000000000000  3000.000000000000     0.001000000047    12.000000000000    90.000000000000     0.004999999888     0.000010000000    -0.125903069973     1.000000000000     0.000001854586
    25.000000000000    25.000000000000     4.000000000000   500.000000000000    10.000000000000     5.000000000000    35.000000000000     4.000000000000  3000.000000000000     0.001000000047    12.000000000000    90.000000000000     0.004999999888     0.000010000000    -0.048962302506     1.000000000000     0.001650281134
    25.000000000000    25.000000000000     6.000000000000   500.000000000000    10.000000000000     5.000000000000    35.000000000000     4.000000000000  3000.000000000000     0.001000000047    12.000000000000    90.000000000000     0.004999999888     0.000010000000    -0.081603839993     1.000000000000     0.000062865671
    25.000000000000    25.000000000000     8.000000000000   500.000000000000    10.000000000000     5.000000000000    35.000000000000     4.000000000000  3000.000000000000     0.001000000047    12.000000000000    90.000000000000     0.004999999888     0.000010000000    -0.114245370030     1.000000000000     0.000004853970
    25.000000000000    25.000000000000    10.000000000000   500.000000000000    10.000000000000     5.000000000000    35.000000000000     4.000000000000  3000.000000000000     0.001000000047    12.000000000000    90.000000000000     0.004999999888     0.000010000000    -0.146886914968     1.000000000000     0.000002567926
    25.000000000000    25.000000000000     4.000000000000   500.000000000000    10.000000000000     6.000000000000    40.000000000000     4.000000000000  3000.000000000000     0.001000000047    12.000000000000    90.000000000000     0.004999999888     0.000010000000    -0.055956926197     1.000000000000     0.000985657098
    25.000000000000    25.000000000000     6.000000000000   500.000000000000    10.000000000000     6.000000000000    40.000000000000     4.000000000000  3000.000000000000     0.001000000047    12.000000000000    90.000000000000     0.004999999888     0.000010000000    -0.093261539936     1.000000000000     0.000010939170
    25.000000000000    25.000000000000     8.000000000000   500.000000000000    10.000000000000     6.000000000000    40.000000000000     4.000000000000  3000.000000000000     0.001000000047    12.000000000000    90.000000000000     0.004999999888     0.000010000000    -0.130566149950     1.000000000000     0.000001836536
   310.000000000000    50.000000000000     8.000000000000   500.000000000000    10.000000000000     4.000000000000    30.000000000000     4.000000000000  3000.000000000000     0.001000000047    12.000000000000    90.000000000000     0.004999999888     0.000010000000     0.027865886688     1.000000000000     0.130014657974
   310.000000000000    50.000000000000    10.000000000000   500.000000000000    10.000000000000     4.000000000000    30.000000000000     4.000000000000  3000.000000000000     0.001000000047    12.000000000000    90.000000000000     0.004999999888     0.000010000000     0.027113258839     1.000000000000     0.109632208943
   310.000000000000    50.000000000000     4.000000000000   500.000000000000    10.000000000000     5.000000000000    35.000000000000     4.000000000000  3000.000000000000     0.001000000047    12.000000000000    90.000000000000     0.004999999888     0.000010000000     0.029932945967     1.000000000000     0.197638496757
   310.000000000000    50.000000000000     6.000000000000   500.000000000000    10.000000000000     5.000000000000    35.000000000000     4.000000000000  3000.000000000000     0.001000000047    12.000000000000    90.000000000000     0.004999999888     0.000010000000     0.033221572638     1.000000000000     0.131037414074
   310.000000000000    50.000000000000     8.000000000000   500.000000000000    10.000000000000     5.000000000000    35.000000000000     4.000000000000  3000.000000000000     0.001000000047    12.000000000000    90.000000000000     0.004999999888     0.000010000000     0.031510174274     1.000000000000     0.078318133950
    50.000000000000    50.000000000000     8.000000000000   500.000000000000    10.000000000000     4.000000000000    30.000000000000     4.000000000000  3000.000000000000     0.001000000047    12.000000000000    90.000000000000     0.004999999888     0.000010000000    -0.250268250704     1.000000000000     0.000008194958
    50.000000000000    50.000000000000    10.000000000000   500.000000000000    10.000000000000     4.000000000000    30.000000000000     4.000000000000  3000.000000000000     0.001000000047    12.000000000000    90.000000000000     0.004999999888     0.000010000000    -0.321773499250     1.000000000000     0.000006324150
    50.000000000000    50.000000000000     4.000000000000   500.000000000000    10.000000000000     5.000000000000    35.000000000000     4.000000000000  3000.000000000000     0.001000000047    12.000000000000    90.000000000000     0.004999999888     0.000010000000    -0.125134125352     1.000000000000     0.002071168972
    50.000000000000    50.000000000000     6.000000000000   500.000000000000    10.000000000000     5.000000000000    35.000000000000     4.000000000000  3000.000000000000     0.001000000047    12.000000000000    90.000000000000     0.004999999888     0.000010000000    -0.208556875587     1.000000000000     0.000081769336
    50.000000000000    50.000000000000     8.000000000000   500.000000000000    10.000000000000     5.000000000000    35.000000000000     4.000000000000  3000.000000000000     0.001000000047    12.000000000000    90.000000000000     0.004999999888     0.000010000000    -0.291979640722     1.000000000000     0.000005549195
    50.000000000000    50.000000000000    10.000000000000   500.000000000000    10.000000000000     5.000000000000    35.000000000000     4.000000000000  3000.000000000000     0.001000000047    12.000000000000    90.000000000000     0.004999999888     0.000010000000    -0.375402361155     1.000000000000     0.000002160452
    50.000000000000    50.000000000000     4.000000000000   500.000000000000    10.000000000000     6.000000000000    40.000000000000     4.000000000000  3000.000000000000     0.001000000047    12.000000000000    90.000000000000     0.004999999888     0.000010000000    -0.143010437489     1.000000000000     0.001048370847
    50.000000000000    50.000000000000     6.000000000000   500.000000000000    10.000000000000     6.000000000000    40.000000000000     4.000000000000  3000.000000000000     0.001000000047    12.000000000000    90.000000000000     0.004999999888     0.000010000000    -0.238350704312     1.000000000000     0.000051247094
    50.000000000000    50.000000000000     8.000000000000   500.000000000000    10.000000000000     6.000000000000    40.000000000000     4.000000000000  3000.000000000000     0.001000000047    12.000000000000    90.000000000000     0.004999999888     0.000010000000    -0.333691030741     1.000000000000     0.000001893277
    50.000000000000    50.000000000000    10.000000000000   500.000000000000    10.000000000000     6.000000000000    40.000000000000     4.000000000000  3000.000000000000     0.001000000047    12.000000000000    90.000000000000     0.004999999888     0.000010000000    -0.429031252861     1.000000000000     0.000000000000
   335.000000000000    25.000000000000     8.000000000000  1000.000000000000    10.000000000000     4.000000000000    30.000000000000     4.000000000000  3000.000000000000     0.001000000047    12.000000000000    90.000000000000     0.004999999888     0.000010000000     0.019037686288     1.000000000000     2.174183368683
   335.000000000000    25.000000000000    10.000000000000  1000.000000000000    10.000000000000     4.000000000000    30.000000000000     4.000000000000  3000.000000000000     0.001000000047    12.000000000000    90.000000000000     0.004999999888     0.000010000000     0.015048474073     1.000000000000     1.988705515862
   335.000000000000    25.000000000000     4.000000000000  1000.000000000000    10.000000000000     5.000000000000    35.000000000000     4.000000000000  3000.000000000000     0.001000000047    12.000000000000    90.000000000000     0.004999999888     0.000010000000     0.018018845469     1.000000000000     2.337160110474
   335.000000000000    25.000000000000     6.000000000000  1000.000000000000    10.000000000000     5.000000000000    35.000000000000     4.000000000000  3000.000000000000     0.001000000047    12.000000000000    90.000000000000     0.004999999888     0.000010000000     0.016698077321     1.000000000000     1.692077755928
   335.000000000000    25.000000000000     8.000000000000  1000.000000000000    10.000000000000     5.000000000000    35.000000000000     4.000000000000  3000.000000000000     0.001000000047    12.000000000000    90.000000000000     0.004999999888     0.000010000000     0.020377323031     1.000000000000     1.446240901947
   335.000000000000    25.000000000000    10.000000000000  1000.000000000000    10.000000000000     5.000000000000    35.000000000000     4.000000000000  3000.000000000000     0.001000000047    12.000000000000    90.000000000000     0.004999999888     0.000010000000     0.019056558609     1.000000000000     1.602985382080
   335.000000000000    25.000000000000     4.000000000000  1000.000000000000    10.000000000000     6.000000000000    40.000000000000     4.000000000000  3000.000000000000     0.001000000047    12.000000000000    90.000000000000     0.004999999888     0.000010000000     0.019021540880     1.000000000000     2.487441539764
    25.000000000000    25.000000000000     8.000000000000  1000.000000000000    10.000000000000     4.000000000000    30.000000000000     4.000000000000  3000.000000000000     0.001000000047    12.000000000000    90.000000000000     0.004999999888     0.000010000000    -0.097924619913     1.000000000000     0.001390989288
    25.000000000000    25.000000000000    10.000000000000  1000.000000000000    10.000000000000     4.000000000000    30.000000000000     4.000000000000  3000.000000000000     0.001000000047    12.000000000000    90.000000000000     0.004999999888     0.000010000000    -0.125903069973     1.000000000000     0.000241582587
    25.000000000000    25.000000000000     4.000000000000  1000.000000000000    10.000000000000     5.000000000000    35.000000000000     4.000000000000  3000.000000000000     0.001000000047    12.000000000000    90.000000000000     0.004999999888     0.000010000000    -0.048962302506     1.000000000000     0.045332841575
    25.000000000000    25.000000000000     6.000000000000  1000.000000000000    10.000000000000     5.000000000000    35.000000000000     4.000000000000  3000.000000000000     0.001000000047    12.000000000000    90.000000000000     0.004999999888     0.000010000000    -0.081603839993     1.000000000000     0.003219554434
    25.000000000000    25.000000000000     8.000000000000  1000.000000000000    10.000000000000     5.000000000000    35.000000000000     4.000000000000  3000.000000000000     0.001000000047    12.000000000000    90.000000000000     0.004999999888     0.000010000000    -0.114245370030     1.000000000000     0.000294204132
    25.000000000000    25.000000000000    10.000000000000  1000.000000000000    10.000000000000     5.000000000000    35.000000000000     4.000000000000  3000.000000000000     0.001000000047    12.000000000000    90.000000000000     0.004999999888     0.000010000000    -0.146886914968     1.000000000000     0.000114697374
    25.000000000000    25.000000000000     4.000000000000  1000.000000000000    10.000000000000     6.000000000000    40.000000000000     4.000000000000  3000.000000000000     0.001000000047    12.000000000000    90.000000000000     0.004999999888     0.000010000000    -0.055956926197     1.000000000000     0.032908301800
    25.000000000000    25.000000000000     6.000000000000  1000.000000000000    10.000000000000     6.000000000000    40.000000000000     4.000000000000  3000.000000000000     0.001000000047    12.000000000000    90.000000000000     0.004999999888     0.000010000000    -0.093261539936     1.000000000000     0.000670910929
    25.000000000000    25.000000000000     8.000000000000  1000.000000000000    10.000000000000     6.000000000000    40.000000000000     4.000000000000  3000.000000000000     0.001000000047    12.000000000000    90.000000000000     0.004999999888     0.000010000000    -0.130566149950     1.000000000000     0.000136438670
    25.000000000000    25.000000000000    10.000000000000  1000.000000000000    10.000000000000     6.000000000000    40.000000000000     4.000000000000  3000.000000000000     0.001000000047    12.000000000000    90.000000000000     0.004999999888     0.000010000000    -0.167870789766     1.000000000000     0.000234159699
   310.000000000000    50.000000000000     8.000000000000  1000.000000000000    10.000000000000     4.000000000000    30.000000000000     4.000000000000  3000.000000000000     0.001000000047    12.000000000000    90.000000000000     0.004999999888     0.000010000000     0.027865886688     1.000000000000     2.254077672958
   310.000000000000    50.000000000000    10.000000000000  1000.000000000000    10.000000000000     4.000000000000    30.000000000000     4.000000000000  3000.000000000000     0.001000000047    12.000000000000    90.000000000000     0.004999999888     0.000010000000     0.027113258839     1.000000000000     1.906025409698
   310.000000000000    50.000000000000     4.000000000000  1000.000000000000    10.000000000000     5.000000000000    35.000000000000     4.000000000000  3000.000000000000     0.001000000047    12.000000000000    90.000000000000     0.004999999888     0.000010000000     0.029932945967     1.000000000000     3.459154844284
   310.000000000000    50.000000000000     6.000000000000  1000.000000000000    10.000000000000     5.000000000000    35.000000000000     4.000000000000  3000.000000000000     0.001000000047    12.000000000000    90.000000000000     0.004999999888     0.000010000000     0.033221572638     1.000000000000     2.318781852722
   310.000000000000    50.000000000000     8.000000000000  1000.000000000000    10.000000000000     5.000000000000    35.000000000000     4.000000000000  3000.000000000000     0.001000000047    12.000000000000    90.000000000000     0.004999999888     0.000010000000     0.031510174274     1.000000000000     1.470079183578
    50.000000000000    50.000000000000     8.000000000000  1000.000000000000    10.000000000000     4.000000000000    30.000000000000     4.000000000000  3000.000000000000     0.001000000047    12.000000000000    90.000000000000     0.004999999888     0.000010000000    -0.250268250704     1.000000000000     0.000730102242
    50.000000000000    50.000000000000    10.000000000000  1000.000000000000    10.000000000000     4.000000000000    30.000000000000     4.000000000000  3000.000000000000     0.001000000047    12.000000000000    90.000000000000     0.004999999888     0.000010000000    -0.321773499250     1.000000000000     0.000376959099
    50.000000000000    50.000000000000     4.000000000000  1000.000000000000    10.000000000000     5.000000000000    35.000000000000     4.000000000000  3000.000000000000     0.001000000047    12.000000000000    90.000000000000     0.004999999888     0.000010000000    -0.125134125352     1.000000000000     0.063906691968
    50.000000000000    50.000000000000     6.000000000000  1000.000000000000    10.000000000000     5.000000000000    35.000000000000     4.000000000000  3000.000000000000     0.001000000047    12.000000000000    90.000000000000     0.004999999888     0.000010000000    -0.208556875587     1.000000000000     0.005353231914
    50.000000000000    50.000000000000     8.000000000000  1000.000000000000    10.000000000000     5.000000000000    35.000000000000     4.000000000000  3000.000000000000     0.001000000047    12.000000000000    90.000000000000     0.004999999888     0.000010000000    -0.291979640722     1.000000000000     0.000558791508
    50.000000000000    50.000000000000    10.000000000000  1000.000000000000    10.000000000000     5.000000000000    35.000000000000     4.000000000000  3000.000000000000     0.001000000047    12.000000000000    90.000000000000     0.004999999888     0.000010000000    -0.375402361155     1.000000000000     0.000124527010
    50.000000000000    50.000000000000     4.000000000000  1000.000000000000    10.000000000000     6.000000000000    40.000000000000     4.000000000000  3000.000000000000     0.001000000047    12.000000000000    90.000000000000     0.004999999888     0.000010000000    -0.143010437489     1.000000000000     0.034797895700
    50.000000000000    50.000000000000     6.000000000000  1000.000000000000    10.000000000000     6.000000000000    40.000000000000     4.000000000000  3000.000000000000     0.001000000047    12.000000000000    90.000000000000     0.004999999888     0.000010000000    -0.238350704312     1.000000000000     0.002324176021
    50.000000000000    50.000000000000     8.000000000000  1000.000000000000    10.000000000000     6.000000000000    40.000000000000     4.000000000000  3000.000000000000     0.001000000047    12.000000000000    90.000000000000     0.004999999888     0.000010000000    -0.333691030741     1.000000000000     0.0004079