 
   335.000000000000    25.000000000000     8.000000000000   500.000000000000     5.000000000000     5.000000000000    35.000000000000     4.000000000000  4000.000000000000     0.001000000047     9.000000000000    90.000000000000     0.004999999888     0.000010000000     0.020377323031     1.000000000000     0.152842178941
    25.000000000000    25.000000000000     8.000000000000   500.000000000000     5.000000000000     5.000000000000    35.000000000000     4.000000000000  4000.000000000000     0.001000000047     9.000000000000    90.000000000000     0.004999999888     0.000010000000    -0.114245370030     1.000000000000     0.000024197132
    25.000000000000    25.000000000000    10.000000000000   500.000000000000     5.000000000000     5.000000000000    35.000000000000     4.000000000000  4000.000000000000     0.001000000047     9.000000000000    90.000000000000     0.004999999888     0.000010000000    -0.146886914968     1.000000000000     0.000012174327
    25.000000000000    25.000000000000     4.000000000000   500.000000000000     5.000000000000     6.000000000000    40.000000000000     4.000000000000  4000.000000000000     0.001000000047     9.000000000000    90.000000000000     0.004999999888     0.000010000000    -0.055956926197     1.000000000000     0.002542989329
    25.000000000000    25.000000000000     6.000000000000   500.000000000000     5.000000000000     6.000000000000    40.000000000000     4.000000000000  4000.000000000000     0.001000000047     9.000000000000    90.000000000000     0.004999999888     0.000010000000    -0.093261539936     1.000000000000     0.000021267069
    25.000000000000    25.000000000000     8.000000000000   500.000000000000     5.000000000000     6.000000000000    40.000000000000     4.000000000000  4000.000000000000     0.001000000047     9.000000000000    90.000000000000     0.004999999888     0.000010000000    -0.130566149950     1.000000000000     0.000008938023
    25.000000000000    25.000000000000    10.000000000000   500.000000000000     5.000000000000     6.000000000000    40.000000000000     4.000000000000  4000.000000000000     0.001000000047     9.000000000000    90.000000000000     0.004999999888     0.000010000000    -0.167870789766     1.000000000000     0.000004905931
    25.000000000000    25.000000000000     4.000000000000   500.000000000000     5.000000000000     3.000000000000    20.000000000000     4.000000000000  1000.000000000000     0.001000000047    12.000000000000    90.000000000000     0.004999999888     0.000010000000    -0.027978463098     1.000000000000     0.002812603256
    25.000000000000    25.000000000000     6.000000000000   500.000000000000     5.000000000000     3.000000000000    20.000000000000     4.000000000000  1000.000000000000     0.001000000047    12.000000000000    90.000000000000     0.004999999888     0.000010000000    -0.046630769968     1.000000000000     0.000751925167
   310.000000000000    50.000000000000     8.000000000000   500.000000000000     5.000000000000     5.000000000000    35.000000000000     4.000000000000  4000.000000000000     0.001000000047     9.000000000000    90.000000000000     0.004999999888     0.000010000000     0.031510174274     1.000000000000     0.152147039771
    50.000000000000    50.000000000000     8.000000000000   500.000000000000     5.000000000000     5.000000000000    35.000000000000     4.000000000000  4000.000000000000     0.001000000047     9.000000000000    90.000000000000     0.004999999888     0.000010000000    -0.291979640722     1.000000000000     0.000018684770
    50.000000000000    50.000000000000    10.000000000000   500.000000000000     5.000000000000     5.000000000000    35.000000000000     4.000000000000  4000.000000000000     0.001000000047     9.000000000000    90.000000000000     0.004999999888     0.000010000000    -0.375402361155     1.000000000000     0.000002931099
    50.000000000000    50.000000000000     4.000000000000   500.000000000000     5.000000000000     6.000000000000    40.000000000000     4.000000000000  4000.000000000000     0.001000000047     9.000000000000    90.000000000000     0.004999999888     0.000010000000    -0.143010437489     1.000000000000     0.002257304266
    50.000000000000    50.000000000000     6.000000000000   500.000000000000     5.000000000000     6.000000000000    40.000000000000     4.000000000000  4000.000000000000     0.001000000047     9.000000000000    90.000000000000     0.004999999888     0.000010000000    -0.238350704312     1.000000000000     0.000088002598
    50.000000000000    50.000000000000     8.000000000000   500.000000000000     5.000000000000     6.000000000000    40.000000000000     4.000000000000  4000.000000000000     0.001000000047     9.000000000000    90.000000000000     0.004999999888     0.000010000000    -0.333691030741     1.000000000000     0.000003215682
    50.000000000000    50.000000000000    10.000000000000   500.000000000000     5.000000000000     6.000000000000    40.000000000000     4.000000000000  4000.000000000000     0.001000000047     9.000000000000    90.000000000000     0.004999999888     0.000010000000    -0.429031252861     1.000000000000     0.000002287576
    50.000000000000    50.000000000000     4.000000000000   500.000000000000     5.000000000000     3.000000000000    20.000000000000     4.000000000000  1000.000000000000     0.001000000047    12.000000000000    90.000000000000     0.004999999888     0.000010000000    -0.071505218744     1.000000000000     0.004555861000
   335.000000000000    25.000000000000     8.000000000000  1000.000000000000     5.000000000000     5.000000000000    35.000000000000     4.000000000000  4000.000000000000     0.001000000047     9.000000000000    90.000000000000     0.004999999888     0.000010000000     0.020377323031     1.000000000000     2.608768939972
   335.000000000000    25.000000000000    10.000000000000  1000.000000000000     5.000000000000     5.000000000000    35.000000000000     4.000000000000  4000.000000000000     0.001000000047     9.000000000000    90.000000000000     0.004999999888     0.000010000000     0.019056558609     1.000000000000     2.835725069046
   335.000000000000    25.000000000000     4.000000000000  1000.000000000000     5.000000000000     6.000000000000    40.000000000000     4.000000000000  4000.000000000000     0.001000000047     9.000000000000    90.000000000000     0.004999999888     0.000010000000     0.019021540880     1.000000000000     4.440930843353
    50.000000000000    50.000000000000     8.000000000000  1000.000000000000     5.000000000000     5.000000000000    35.000000000000     4.000000000000  4000.000000000000     0.001000000047     9.000000000000    90.000000000000     0.004999999888     0.000010000000    -0.291979640722     1.000000000000     0.001000901335
    50.000000000000    50.000000000000    10.000000000000  1000.000000000000     5.000000000000     5.000000000000    35.000000000000     4.000000000000  4000.000000000000     0.001000000047     9.000000000000    90.000000000000     0.004999999888     0.000010000000    -0.375402361155     1.000000000000     0.000241885820
    50.000000000000    50.000000000000     4.000000000000  1000.000000000000     5.000000000000     6.000000000000    40.000000000000     4.000000000000  4000.000000000000     0.001000000047     9.000000000000    90.000000000000     0.004999999888     0.000010000000    -0.143010437489     1.000000000000     0.062241751701
    50.000000000000    50.000000000000     6.000000000000  1000.000000000000     5.000000000000     6.000000000000    40.000000000000     4.000000000000  4000.000000000000     0.001000000047     9.000000000000    90.000000000000     0.004999999888     0.000010000000    -0.238350704312     1.000000000000     0.004288077820
    50.000000000000    50.000000000000     8.000000000000  1000.000000000000     5.000000000000     6.000000000000    40.000000000000     4.000000000000  4000.000000000000     0.001000000047     9.000000000000    90.000000000000     0.004999999888     0.000010000000    -0.333691030741     1.000000000000     0.001132805017
    50.000000000000    50.000000000000    10.000000000000  1000.000000000000     5.000000000000     6.000000000000    40.000000000000     4.000000000000  4000.000000000000     0.001000000047     9.000000000000    90.000000000000     0.004999999888     0.000010000000    -0.429031252861     1.000000000000     0.000147413710
    50.000000000000    50.000000000000     4.000000000000  1000.000000000000     5.000000000000     3.000000000000    20.000000000000     4.000000000000  1000.000000000000     0.001000000047    12.000000000000    90.000000000000     0.004999999888     0.000010000000    -0.071505218744     1.000000000000     0.138694763184
    50.000000000000    50.000000000000     6.000000000000  1000.000000000000     5.000000000000     3.000000000000    20.000000000000     4.000000000000  1000.000000000000     0.001000000047    12.000000000000    90.000000000000     0.004999999888     0.000010000000    -0.119175344706     1.000000000000     0.021564653143
   335.000000000000    25.000000000000     8.000000000000  1500.000000000000     5.000000000000     5.000000000000    35.000000000000     4.000000000000  4000.000000000000     0.001000000047     9.000000000000    90.000000000000     0.004999999888     0.000010000000     0.020377323031     1.000000000000    12.363794326782
    25.000000000000    25.000000000000     8.000000000000  1500.000000000000     5.000000000000     5.000000000000    35.000000000000     4.000000000000  4000.000000000000     0.001000000047     9.000000000000    90.000000000000     0.004999999888     0.000010000000    -0.114245370030     1.000000000000     0.003616909496
    25.000000000000    25.000000000000    10.000000000000  1500.000000000000     5.000000000000     5.000000000000    35.000000000000     4.000000000000  4000.000000000000     0.001000000047     9.000000000000    90.000000000000     0.004999999888     0.000010000000    -0.146886914968     1.000000000000     0.001794990501
    25.000000000000    25.000000000000     4.000000000000  1500.000000000000     5.000000000000     6.000000000000    40.000000000000     4.000000000000  4000.000000000000     0.001000000047     9.000000000000    90.000000000000     0.004999999888     0.000010000000    -0.055956926197     1.000000000000     0.312180250883
    25.000000000000    25.000000000000     6.000000000000  1500.000000000000     5.000000000000     6.000000000000    40.000000000000     4.000000000000  4000.000000000000     0.001000000047     9.000000000000    90.000000000000     0.004999999888     0.000010000000    -0.093261539936     1.000000000000     0.008367155679
    50.000000000000    50.000000000000     8.000000000000  1500.000000000000     5.000000000000     5.000000000000    35.000000000000     4.000000000000  4000.000000000000     0.001000000047     9.000000000000    90.000000000000     0.004999999888     0.000010000000    -0.291979640722     1.000000000000     0.008665348403
    50.000000000000    50.000000000000    10.000000000000  1500.000000000000     5.000000000000     5.000000000000    35.000000000000     4.000000000000  4000.000000000000     0.001000000047     9.000000000000    90.000000000000     0.004999999888     0.000010000000    -0.375402361155     1.000000000000     0.002049335511
    50.000000000000    50.000000000000     4.000000000000  1500.000000000000     5.000000000000     6.000000000000    40.000000000000     4.000000000000  4000.000000000000     0.001000000047     9.000000000000    90.000000000000     0.004999999888     0.000010000000    -0.143010437489     1.000000000000     0.373010486364
    50.000000000000    50.000000000000     6.000000000000  1500.000000000000     5.000000000000     6.000000000000    40.000000000000     4.000000000000  4000.000000000000     0.001000000047     9.000000000000    90.000000000000     0.004999999888     0.000010000000    -0.238350704312     1.000000000000     0.028585525230
    50.000000000000    50.000000000000     8.000000000000  1500.000000000000     5.000000000000     6.000000000000    40.000000000000     4.000000000000  4000.000000000000     0.001000000047     9.000000000000    90.000000000000     0.004999999888     0.000010000000    -0.333691030741     1.000000000000     0.007693716325
    50.000000000000    50.000000000000    10.000000000000  1500.000000000000     5.000000000000     6.000000000000    40.000000000000     4.000000000000  4000.000000000000     0.001000000047     9.000000000000    90.000000000000     0.004999999888     0.000010000000    -0.429031252861     1.000000000000     0.001396521344
    50.000000000000    50.000000000000     4.000000000000  1500.000000000000     5.000000000000     3.000000000000    20.000000000000     4.000000000000  1000.000000000000     0.001000000047    12.000000000000    90.000000000000     0.004999999888     0.000010000000    -0.071505218744     1.000000000000     0.802413105965
   335.000000000000    25.000000000000     8.000000000000  2000.000000000000     5.000000000000     5.000000000000    35.000000000000     4.000000000000  4000.000000000000     0.001000000047     9.000000000000    90.000000000000     0.004999999888     0.000010000000     0.020377323031     1.000000000000    20.141580581665
    25.000000000000    25.000000000000     8.000000000000  2000.000000000000     5.000000000000     5.000000000000    35.000000000000     4.000000000000  4000.000000000000     0.001000000047     9.000000000000    90.000000000000     0.004999999888     0.000010000000    -0.114245370030     1.000000000000     0.011408783495
    25.000000000000    25.000000000000    10.000000000000  2000.000000000000     5.000000000000     5.000000000000    35.000000000000     4.000000000000  4000.000000000000     0.001000000047     9.000000000000    90.000000000000     0.004999999888     0.000010000000    -0.146886914968     1.000000000000     0.005097458139
    25.000000000000    25.000000000000     4.000000000000  2000.000000000000     5.000000000000     6.000000000000    40.000000000000     4.000000000000  4000.000000000000     0.001000000047     9.000000000000    90.000000000000     0.004999999888     0.000010000000    -0.055956926197     1.000000000000     1.029368400574
    25.000000000000    25.000000000000     6.000000000000  2000.000000000000     5.000000000000     6.000000000000    40.000000000000     4.000000000000  4000.000000000000     0.001000000047     9.000000000000    90.000000000000     0.004999999888     0.000010000000    -0.093261539936     1.000000000000     0.033063188195
    25.000000000000    25.000000000000     8.000000000000  2000.000000000000     5.000000000000     6.000000000000    40.000000000000     4.000000000000  4000.000000000000     0.001000000047     9.000000000000    90.000000000000     0.004999999888     0.000010000000    -0.130566149950     1.000000000000     0.012192971073
    25.000000000000    25.000000000000    10.000000000000  2000.000000000000     5.000000000000     6.000000000000    40.000000000000     4.000000000000  4000.000000000000     0.001000000047     9.000000000000    90.000000000000     0.004999999888     0.000010000000    -0.167870789766     1.000000000000     0.008810251020
    25.000000000000    25.000000000000     4.000000000000  2000.000000000000     5.000000000000     3.000000000000    20.000000000000     4.000000000000  1000.000000000000     0.001000000047    12.000000000000    90.000000000000     0.004999999888     0.000010000000    -0.027978463098     1.000000000000     1.639709234238
    25.000000000000    25.000000000000     6.000000000000  2000.000000000000     5.000000000000     3.000000000000    20.000000000000     4.000000000000  1000.000000000000     0.001000000047    12.000000000000    90.000000000000     0.004999999888     0.000010000000    -0.046630769968     1.000000000000     0.464199185371
    50.000000000000    50.000000000000     8.000000000000  2000.000000000000     5.000000000000     5.000000000000    35.000000000000     4.000000000000  4000.000000000000     0.001000000047     9.000000000000    90.000000000000     0.004999999888     0.000010000000    -0.291979640722     1.000000000000     0.029021281749
    50.000000000000    50.000000000000    10.000000000000  2000.000000000000     5.000000000000     5.000000000000    35.000000000000     4.000000000000  4000.000000000000     0.001000000047     9.000000000000    90.000000000000     0.004999999888     0.000010000000    -0.375402361155     1.000000000000     0.007315468509
    50.000000000000    50.000000000000     4.000000000000  2000.000000000000     5.000000000000     6.000000000000    40.000000000000     4.000000000000  4000.000000000000     0.001000000047     9.000000000000    90.000000000000     0.004999999888     0.000010000000    -0.143010437489     1.000000000000     1.178705930710
    50.000000000000    50.000000000000     6.000000000000  2000.000000000000     5.000000000000     6.000000000000    40.000000000000     4.000000000000  4000.000000000000     0.001000000047     9.000000000000    90.000000000000     0.004999999888     0.000010000000    -0.238350704312     1.000000000000     0.101399101317
    50.000000000000    50.000000000000     8.000000000000  2000.000000000000     5.000000000000     6.000000000000    40.000000000000     4.000000000000  4000.000000000000     0.001000000047     9.000000000000    90.000000000000     0.004999999888     0.000010000000    -0.333691030741     1.000000000000     0.026258608326
    50.000000000000    50.000000000000    10.000000000000  2000.000000000000     5.000000000000     6.000000000000    40.000000000000     4.000000000000  4000.000000000000     0.001000000047     9.000000000000    90.000000000000     0.004999999888     0.000010000000    -0.429031252861     1.000000000000     0.005151798949
    50.000000000000    50.000000000000     4.000000000000  2000.000000000000     5.000000000000     3.000000000000    20.000000000000     4.000000000000  1000.000000000000     0.001000000047    12.000000000000    90.000000000000     0.004999999888     0.000010000000    -0.071505218744     1.000000000000     2.458554744720
   335.000000000000    25.000000000000     8.000000000000   500.000000000000    10.000000000000     5.000000000000    35.000000000000     4.000000000000  4000.000000000000     0.001000000047     9.000000000000    90.000000000000     0.004999999888     0.000010000000     0.020377323031     1.000000000000     0.155550926924
    25.000000000000    25.000000000000     8.000000000000   500.000000000000    10.000000000000     5.000000000000    35.000000000000     4.000000000000  4000.000000000000     0.001000000047     9.000000000000    90.000000000000     0.004999999888     0.000010000000    -0.114245370030     1.000000000000     0.000026912037
    25.000000000000    25.000000000000    10.000000000000   500.000000000000    10.000000000000     5.000000000000    35.000000000000     4.000000000000  4000.000000000000     0.001000000047     9.000000000000    90.000000000000     0.004999999888     0.000010000000    -0.146886914968     1.000000000000     0.000000168590
    25.000000000000    25.000000000000     4.000000000000   500.000000000000    10.000000000000     6.000000000000    40.000000000000     4.000000000000  4000.000000000000     0.001000000047     9.000000000000    90.000000000000     0.004999999888     0.000010000000    -0.055956926197     1.000000000000     0.002427975181
    25.000000000000    25.000000000000     6.000000000000   500.000000000000    10.000000000000     6.000000000000    40.000000000000     4.000000000000  4000.000000000000     0.001000000047     9.000000000000    90.000000000000     0.004999999888     0.000010000000    -0.093261539936     1.000000000000     0.000032949447
    50.000000000000    50.000000000000     8.000000000000   500.000000000000    10.000000000000     5.000000000000    35.000000000000     4.000000000000  4000.000000000000     0.001000000047     9.000000000000    90.000000000000     0.004999999888     0.000010000000    -0.291979640722     1.000000000000     0.000007214000
    50.000000000000    50.000000000000    10.000000000000   500.000000000000    10.000000000000     5.000000000000    35.000000000000     4.000000000000  4000.000000000000     0.001000000047     9.000000000000    90.000000000000     0.004999999888     0.000010000000    -0.375402361155     1.000000000000     0.000001245136
    50.000000000000    50.000000000000     4.000000000000   500.000000000000    10.000000000000     6.000000000000    40.000000000000     4.000000000000  4000.000000000000     0.001000000047     9.000000000000    90.000000000000     0.004999999888     0.000010000000    -0.143010437489     1.000000000000     0.002385871718
    50.000000000000    50.000000000000     6.000000000000   500.000000000000    10.000000000000     6.000000000000    40.000000000000     4.000000000000  4000.000000000000     0.001000000047     9.000000000000    90.000000000000     0.004999999888     0.000010000000    -0.238350704312     1.000000000000     0.000092477749
   335.000000000000    25.000000000000     8.000000000000  1000.000000000000    10.000000000000     5.000000000000    35.000000000000     4.000000000000  4000.000000000000     0.001000000047     9.000000000000    90.000000000000     0.004999999888     0.000010000000     0.020377323031     1.000000000000     2.609888553619
   335.000000000000    25.000000000000    10.000000000000  1000.000000000000    10.000000000000     5.000000000000    35.000000000000     4.000000000000  4000.000000000000     0.001000000047     9.000000000000    90.000000000000     0.004999999888     0.000010000000     0.019056558609     1.000000000000     2.813865900040
   335.000000000000    25.000000000000     4.000000000000  1000.000000000000    10.000000000000     6.000000000000    40.000000000000     4.000000000000  4000.000000000000     0.001000000047     9.000000000000    90.000000000000     0.004999999888     0.000010000000     0.019021540880     1.000000000000     4.393801689148
    25.000000000000    25.000000000000     8.000000000000  1000.000000000000    10.000000000000     5.000000000000    35.000000000000     4.000000000000  4000.000000000000     0.001000000047     9.000000000000    90.000000000000     0.004999999888     0.000010000000    -0.114245370030     1.000000000000     0.000734243600
    25.000000000000    25.000000000000    10.000000000000  1000.000000000000    10.000000000000     5.000000000000    35.000000000000     4.000000000000  4000.000000000000     0.001000000047     9.000000000000    90.000000000000     0.004999999888     0.000010000000    -0.146886914968     1.000000000000     0.000276422623
    25.000000000000    25.000000000000     4.000000000000  1000.000000000000    10.000000000000     6.000000000000    40.000000000000     4.000000000000  4000.000000000000     0.001000000047     9.000000000000    90.000000000000     0.004999999888     0.000010000000    -0.055956926197     1.000000000000     0.061868816614
    25.000000000000    25.000000000000     6.000000000000  1000.000000000000    10.000000000000     6.000000000000    40.000000000000     4.000000000000  4000.000000000000     0.001000000047     9.000000000000    90.000000000000     0.004999999888     0.000010000000    -0.093261539936     1.000000000000     0.001356295310
    25.000000000000    25.000000000000     8.000000000000  1000.000000000000    10.000000000000     6.000000000000    40.000000000000     4.000000000000  4000.000000000000     0.001000000047     9.000000000000    90.000000000000     0.004999999888     0.000010000000    -0.130566149950     1.000000000000     0.000463186909
    25.000000000000    25.000000000000    10.000000000000  1000.000000000000    10.000000000000     6.000000000000    40.000000000000     4.000000000000  4000.000000000000     0.001000000047     9.000000000000    90.000000000000     0.004999999888     0.000010000000    -0.167870789766     1.000000000000     0.000167408725
    25.000000000000    25.000000000000     4.000000000000  1000.000000000000    10.000000000000     3.000000000000    20.000000000000     4.000000000000  1000.000000000000     0.001000000047    12.000000000000    90.000000000000     0.004999999888     0.000010000000    -0.027978463098     1.000000000000     0.086142316461
    25.000000000000    25.000000000000     6.000000000000  1000.000000000000    10.000000000000     3.000000000000    20.000000000000     4.000000000000  1000.000000000000     0.001000000047    12.000000000000    90.000000000000     0.004999999888     0.000010000000    -0.046630769968     1.000000000000     0.025558246300
    50.000000000000    50.000000000000     8.000000000000  1000.000000000000    10.000000000000     5.000000000000    35.000000000000     4.000000000000  4000.000000000000     0.001000000047     9.000000000000    90.000000000000     0.004999999888     0.000010000000    -0.291979640722     1.000000000000     0.001082303934
    50.000000000000    50.000000000000    10.000000000000  1000.000000000000    10.000000000000     5.000000000000    35.000000000000     4.000000000000  4000.000000000000     0.001000000047     9.000000000000    90.000000000000     0.004999999888     0.000010000000    -0.375402361155     1.000000000000     0.000222426825
    50.000000000000    50.000000000000     4.000000000000  1000.000000000000    10.000000000000     6.000000000000    40.000000000000     4.000000000000  4000.000000000000     0.001000000047     9.000000000000    90.000000000000     0.004999999888     0.000010000000    -0.143010437489     1.000000000000     0.066329777241
    50.000000000000    50.000000000000     6.000000000000  1000.000000000000    10.000000000000     6.000000000000    40.000000000000     4.000000000000  4000.000000000000     0.001000000047     9.000000000000    90.000000000000     0.004999999888     0.000010000000    -0.238350704312     1.000000000000     0.005315025803
    50.000000000000    50.000000000000     8.000000000000  1000.000000000000    10.000000000000     6.000000000000    40.000000000000     4.000000000000  4000.000000000000     0.001000000047     9.000000000000    90.000000000000     0.004999999888     0.000010000000    -0.333691030741     1.000000000000     0.000893724617
    50.000000000000    50.000000000000    10.000000000000  1000.000000000000    10.000000000000     6.000000000000    40.000000000000     4.000000000000  4000.000000000000     0.001000000047     9.000000000000    90.000000000000     0.004999999888     0.000010000000    -0.429031252861     1.000000000000     0.000097964199
    50.000000000000    50.000000000000     4.000000000000  1000.000000000000    10.000000000000     3.000000000000    20.000000000000     4.000000000000  1000.000000000000     0.001000000047    12.000000000000    90.000000000000     0.004999999888     0.000010000000    -0.071505218744     1.000000000000     0.141035079956
   335.000000000000    25.000000000000     8.000000000000  1500.000000000000    10.000000000000     5.000000000000    35.000000000000     4.000000000000  4000.000000000000     0.001000000047     9.000000000000    90.000000000000     0.004999999888     0.000010000000     0.020377323031     1.000000000000    12.596655845642
    25.000000000000    25.000000000000     8.000000000000  1500.000000000000    10.000000000000     5.000000000000    35.000000000000     4.000000000000  4000.000000000000     0.001000000047     9.000000000000    90.000000000000     0.004999999888     0.000010000000    -0.114245370030     1.000000000000     0.004114632960
    25.000000000000    25.000000000000    10.000000000000  1500.000000000000    10.000000000000     5.000000000000    35.000000000000     4.000000000000  4000.000000000000     0.001000000047     9.000000000000    90.000000000000     0.004999999888     0.000010000000    -0.146886914968     1.000000000000     0.001522242441
    25.000000000000    25.000000000000     4.000000000000  1500.000000000000    10.000000000000     6.000000000000    40.000000000000     4.000000000000  4000.000000000000     0.001000000047     9.000000000000    90.000000000000     0.004999999888     0.000010000000    -0.055956926197     1.000000000000     0.314693897963
    25.000000000000    25.000000000000     6.000000000000  1500.000000000000    10.000000000000     6.000000000000    40.000000000000     4.000000000000  4000.000000000000     0.001000000047     9.000000000000    90.000000000000     0.004999999888     0.000010000000    -0.093261539936     1.000000000000     0.011151914485
   310.000000000000    50.000000000000     8.000000000000  1500.000000000000    10.000000000000     5.000000000000    35.000000000000     4.000000000000  4000.000000000000     0.001000000047     9.000000000000    90.000000000000     0.004999999888     0.000010000000     0.031510174274     1.000000000000    12.720789909363
   310.000000000000    50.000000000000    10.000000000000  1500.000000000000    10.000000000000     5.000000000000    35.000000000000     4.000000000000  4000.000000000000     0.001000000047     9.000000000000    90.000000000000     0.004999999888     0.000010000000     0.029798835516     1.000000000000    12.205216407776
    50.000000000000    50.000000000000     8.000000000000  1500.000000000000    10.000000000000     5.000000000000    35.000000000000     4.000000000000  4000.000000000000     0.001000000047     9.000000000000    90.000000000000     0.004999999888     0.000010000000    -0.291979640722     1.000000000000     0.008898617700
    50.000000000000    50.000000000000    10.000000000000  1500.000000000000    10.000000000000     5.000000000000    35.000000000000     4.000000000000  4000.000000000000     0.001000000047     9.000000000000    90.000000000000     0.004999999888     0.000010000000    -0.375402361155     1.000000000000     0.001680441201
    50.000000000000    50.000000000000     4.000000000000  1500.000000000000    10.000000000000     6.000000000000    40.000000000000     4.000000000000  4000.000000000000     0.001000000047     9.000000000000    90.000000000000     0.004999999888     0.000010000000    -0.143010437489     1.000000000000     0.352227330208
    50.000000000000    50.000000000000     6.000000000000  1500.000000000000    10.000000000000     6.000000000000    40.000000000000     4.000000000000  4000.000000000000     0.001000000047     9.000000000000    90.000000000000     0.004999999888     0.000010000000    -0.238350704312     1.000000000000     0.028709754348
    50.000000000000    50.000000000000     8.000000000000  1500.000000000000    10.000000000000     6.000000000000    40.000000000000     4.000000000000  4000.000000000000     0.001000000047     9.000000000000    90.000000000000     0.004999999888     0.000010000000    -0.333691030741     1.000000000000     0.007391308434
    50.000000000000    50.000000000000    10.000000000000  1500.000000000000    10.000000000000     6.000000000000    40.000000000000     4.000000000000  4000.000000000000     0.001000000047     9.000000000000    90.000000000000     0.004999999888     0.000010000000    -0.429031252861     1.000000000000     0.001570249442
    50.000000000000    50.000000000000     4.000000000000  1500.000000000000    10.000000000000     3.000000000000    20.000000000000     4.000000000000  1000.000000000000     0.001000000047    12.000000000000    90.000000000000     0.004999999888     0.000010000000    -0.071505218744     1.000000000000     0.765029072762
   335.000000000000    25.000000000000     8.000000000000  2000.000000000000    10.000000000000     5.000000000000    35.000000000000     4.000000000000  4000.000000000000     0.001000000047     9.000000000000    90.000000000000     0.004999999888     0.000010000000     0.020377323031     1.000000000000    20.009143829346
    25.000000000000    25.000000000000     8.000000000000  2000.000000000000    10.000000000000     5.000000000000    35.000000000000     4.000000000000  4000.000000000000     0.001000000047     9.000000000000    90.000000000000     0.004999999888     0.000010000000    -0.114245370030     1.000000000000     0.014179885387
    25.000000000000    25.000000000000    10.000000000000  2000.000000000000    10.000000000000     5.000000000000    35.000000000000     4.000000000000  4000.000000000000     0.001000000047     9.000000000000    90.000000000000     0.004999999888     0.000010000000    -0.146886914968     1.000000000000     0.005377900787
    25.000000000000    25.000000000000     4.000000000000  2000.000000000000    10.000000000000     6.000000000000    40.000000000000     4.000000000000  4000.000000000000     0.001000000047     9.000000000000    90.000000000000     0.004999999888     0.000010000000    -0.055956926197     1.000000000000     0.994424581528
    25.000000000000    25.000000000000     6.000000000000  2000.000000000000    10.000000000000     6.000000000000    40.000000000000     4.000000000000  4000.000000000000     0.001000000047     9.000000000000    90.000000000000     0.004999999888     0.000010000000    -0.093261539936     1.000000000000     0.026608178392
   310.000000000000    50.000000000000     8.000000000000  2000.000000000000    10.000000000000     5.000000000000    35.000000000000     4.000000000000  4000.000000000000     0.001000000047     9.000000000000    90.000000000000     0.004999999888     0.000010000000     0.031510174274     1.000000000000    17.115566253662
    50.000000000000    50.000000000000     8.000000000000  2000.000000000000    10.000000000000     5.000000000000    35.000000000000     4.000000000000  4000.000000000000     0.001000000047     9.000000000000    90.000000000000     0.004999999888     0.000010000000    -0.291979640722     1.000000000000     0.027281384915
    50.000000000000    50.000000000000    10.000000000000  2000.000000000000    10.000000000000     5.000000000000    35.000000000000     4.000000000000  4000.000000000000     0.001000000047     9.000000000000    90.000000000000     0.004999999888     0.000010000000    -0.375402361155     1.000000000000     0.007639917545
    50.000000000000    50.000000000000     4.000000000000  2000.000000000000    10.000000000000     6.000000000000    40.000000000000     4.000000000000  4000.000000000000     0.001000000047     9.000000000000    90.000000000000     0.004999999888     0.000010000000    -0.143010437489     1.000000000000     1.151308178902
    50.000000000000    50.000000000000     6.000000000000  2000.000000000000    10.000000000000     6.000000000000    40.000000000000     4.000000000000  4000.000000000000     0.001000000047     9.000000000000    90.000000000000     0.004999999888     0.000010000000    -0.238350704312     1.000000000000     0.101470716298
    50.000000000000    50.000000000000     8.000000000000  2000.000000000000    10.000000000000     6.000000000000    40.000000000000     4.000000000000  4000.000000000000     0.001000000047     9.000000000000    90.000000000000     0.004999999888     0.000010000000    -0.333691030741     1.000000000000     0.025771664456
    50.000000000000    50.000000000000    10.000000000000  2000.000000000000    10.000000000000     6.000000000000    40.000000000000     4.000000000000  4000.000000000000     0.001000000047     9.000000000000    90.000000000000     0.004999999888     0.000010000000    -0.429031252861     1.000000000000     0.005048419815
    50.000000000000    50.000000000000     4.000000000000  2000.000000000000    10.000000000000     3.000000000000    20.000000000000     4.000000000000  1000.000000000000     0.001000000047    12.000000000000    90.000000000000     0.004999999888     0.000010000000    -0.071505218744     1.000000000000     2.452968597412
   335.000000000000    25.000000000000     8.000000000000   500.000000000000    15.000000000000     5.000000000000    35.000000000000     4.000000000000  4000.000000000000     0.001000000047     9.000000000000    90.000000000000     0.004999999888     0.000010000000     0.020377323031     1.000000000000     0.150984257460
    25.000000000000    25.000000000000     8.000000000000   500.000000000000    15.000000000000     5.000000000000    35.000000000000     4.000000000000  4000.000000000000     0.001000000047     9.000000000000    90.000000000000     0.004999999888     0.000010000000    -0.114245370030     1.000000000000     0.000022156211
    25.000000000000    25.000000000000    10.000000000000   500.000000000000    15.000000000000     5.000000000000    35.000000000000     4.000000000000  4000.000000000000     0.001000000047     9.000000000000    90.000000000000     0.004999999888     0.000010000000    -0.146886914968     1.000000000000     0.000002462400
    25.000000000000    25.000000000000     4.000000000000   500.000000000000    15.000000000000     6.000000000000    40.000000000000     4.000000000000  4000.000000000000     0.001000000047     9.000000000000    90.000000000000     0.004999999888     0.000010000000    -0.055956926197     1.000000000000     0.002534321044
    25.000000000000    25.000000000000     6.000000000000   500.000000000000    15.000000000000     6.000000000000    40.000000000000     4.000000000000  4000.000000000000     0.001000000047     9.000000000000    90.000000000000     0.004999999888     0.000010000000    -0.093261539936     1.000000000000     0.000031805052
    25.000000000000    25.000000000000     8.000000000000   500.000000000000    15.000000000000     6.000000000000    40.000000000000     4.000000000000  4000.000000000000     0.001000000047     9.000000000000    90.000000000000     0.004999999888     0.000010000000    -0.130566149950     1.000000000000     0.000020797836
    25.000000000000    25.000000000000    10.000000000000   500.000000000000    15.000000000000     6.000000000000    40.000000000000     4.000000000000  4000.000000000000     0.001000000047     9.000000000000    90.000000000000     0.004999999888     0.000010000000    -0.167870789766     1.000000000000     0.000003072281
    25.000000000000    25.000000000000     4.000000000000   500.000000000000    15.000000000000     3.000000000000    20.000000000000     4.000000000000  1000.000000000000     0.001000000047    12.000000000000    90.000000000000     0.004999999888     0.000010000000    -0.027978463098     1.000000000000     0.002513606334
   335.000000000000    25.000000000000     8.000000000000  1000.000000000000    15.000000000000     5.000000000000    35.000000000000     4.000000000000  4000.000000000000     0.001000000047     9.000000000000    90.000000000000     0.004999999888     0.000010000000     0.020377323031     1.000000000000     2.595027923584
    25.000000000000    25.000000000000     8.000000000000  1000.000000000000    15.000000000000     5.000000000000    35.000000000000     4.000000000000  4000.000000000000     0.001000000047     9.000000000000    90.000000000000     0.004999999888     0.000010000000    -0.114245370030     1.000000000000     0.000558046857
    25.000000000000    25.000000000000    10.000000000000  1000.000000000000    15.000000000000     5.000000000000    35.000000000000     4.000000000000  4000.000000000000     0.001000000047     9.000000000000    90.000000000000     0.004999999888     0.000010000000    -0.146886914968     1.000000000000     0.000409194734
    25.000000000000    25.000000000000     4.000000000000  1000.000000000000    15.000000000000     6.000000000000    40.000000000000     4.000000000000  4000.000000000000     0.001000000047     9.000000000000    90.000000000000     0.004999999888     0.000010000000    -0.055956926197     1.000000000000     0.062539972365
    25.000000000000    25.000000000000     6.000000000000  1000.000000000000    15.000000000000     6.000000000000    40.000000000000     4.000000000000  4000.000000000000     0.001000000047     9.000000000000    90.000000000000     0.004999999888     0.000010000000    -0.093261539936     1.000000000000     0.001607668935
    25.000000000000    25.000000000000     8.000000000000  1000.000000000000    15.000000000000     6.000000000000    40.000000000000     4.000000000000  4000.000000000000     0.001000000047     9.000000000000    90.000000000000     0.004999999888     0.000010000000    -0.130566149950     1.000000000000     0.000617411686
    25.000000000000    25.000000000000    10.000000000000  1000.000000000000    15.000000000000     6.000000000000    40.000000000000     4.000000000000  4000.000000000000     0.001000000047     9.000000000000    90.000000000000     0.004999999888     0.000010000000    -0.167870789766     1.000000000000     0.000125845603
    25.000000000000    25.000000000000     4.000000000000  1000.000000000000    15.000000000000     3.000000000000    20.000000000000     4.000000000000  1000.000000000000     0.001000000047    12.000000000000    90.000000000000     0.004999999888     0.000010000000    -0.027978463098     1.000000000000     0.087991327047
    25.000000000000    25.000000000000     6.000000000000  1000.000000000000    15.000000000000     3.000000000000    20.000000000000     4.000000000000  1000.000000000000     0.001000000047    12.000000000000    90.000000000000     0.004999999888     0.000010000000    -0.046630769968     1.000000000000     0.025156224146
   310.000000000000    50.000000000000     8.000000000000  1000.000000000000    15.000000000000     5.000000000000    35.000000000000     4.000000000000  4000.000000000000     0.001000000047     9.000000000000    90.000000000000     0.004999999888     0.000010000000     0.031510174274     1.000000000000     2.561305284500
    50.000000000000    50.000000000000     8.000000000000  1000.000000000000    15.000000000000     5.000000000000    35.000000000000     4.000000000000  4000.000000000000     0.001000000047     9.000000000000    90.000000000000     0.004999999888     0.000010000000    -0.291979640722     1.000000000000     0.001419561799
    50.000000000000    50.000000000000    10.000000000000  1000.000000000000    15.000000000000     5.000000000000    35.000000000000     4.000000000000  4000.000000000000     0.001000000047     9.000000000000    90.000000000000     0.004999999888     0.000010000000    -0.375402361155     1.000000000000     0.000191078143
    50.000000000000    50.000000000000     4.000000000000  1000.000000000000    15.000000000000     6.000000000000    40.000000000000     4.000000000000  4000.000000000000     0.001000000047     9.000000000000    90.000000000000     0.004999999888     0.000010000000    -0.143010437489     1.000000000000     0.066240072250
    50.000000000000    50.000000000000     6.000000000000  1000.000000000000    15.000000000000     6.000000000000    40.000000000000     4.000000000000  4000.000000000000     0.001000000047     9.000000000000    90.000000000000     0.004999999888     0.000010000000    -0.238350704312     1.000000000000     0.004757788964
   335.000000000000    25.000000000000     8.000000000000  1500.000000000000    15.000000000000     5.000000000000    35.000000000000     4.000000000000  4000.000000000000     0.001000000047     9.000000000000    90.000000000000     0.004999999888     0.000010000000     0.020377323031     1.000000000000    12.498861312866
    25.000000000000    25.000000000000     8.000000000000  1500.000000000000    15.000000000000     5.000000000000    35.000000000000     4.000000000000  4000.000000000000     0.001000000047     9.000000000000    90.000000000000     0.004999999888     0.000010000000    -0.114245370030     1.000000000000     0.005019172095
    25.000000000000    25.000000000000    10.000000000000  1500.000000000000    15.000000000000     5.000000000000    35.000000000000     4.000000000000  4000.000000000000     0.001000000047     9.000000000000    90.000000000000     0.004999999888     0.000010000000    -0.146886914968     1.000000000000     0.001924800221
    25.000000000000    25.000000000000     4.000000000000  1500.000000000000    15.000000000000     6.000000000000    40.000000000000     4.000000000000  4000.000000000000     0.001000000047     9.000000000000    90.000000000000     0.004999999888     0.000010000000    -0.055956926197     1.000000000000     0.320986628532
    25.000000000000    25.000000000000     6.000000000000  1500.000000000000    15.000000000000     6.000000000000    40.000000000000     4.000000000000  4000.000000000000     0.001000000047     9.000000000000    90.000000000000     0.004999999888     0.000010000000    -0.093261539936     1.000000000000     0.010165777989
    50.000000000000    50.000000000000     8.000000000000  1500.000000000000    15.000000000000     5.000000000000    35.000000000000     4.000000000000  4000.000000000000     0.001000000047     9.000000000000    90.000000000000     0.004999999888     0.000010000000    -0.291979640722     1.000000000000     0.007771132048
    50.000000000000    50.000000000000    10.000000000000  1500.000000000000    15.000000000000     5.000000000000    35.000000000000     4.000000000000  4000.000000000000     0.001000000047     9.000000000000    90.000000000000     0.004999999888     0.000010000000    -0.375402361155     1.000000000000     0.001735154190
    50.000000000000    50.000000000000     4.000000000000  1500.000000000000    15.000000000000     6.000000000000    40.000000000000     4.000000000000  4000.000000000000     0.001000000047     9.000000000000    90.000000000000     0.004999999888     0.000010000000    -0.143010437489     1.000000000000     0.362661689520
    50.000000000000    50.000000000000     6.000000000000  1500.000000000000    15.000000000000     6.000000000000    40.000000000000     4.000000000000  4000.000000000000     0.001000000047     9.000000000000    90.000000000000     0.004999999888     0.000010000000    -0.238350704312     1.000000000000     0.029117017984
   335.000000000000    25.000000000000     8.000000000000  2000.000000000000    15.000000000000     5.000000000000    35.000000000000     4.000000000000  4000.000000000000     0.001000000047     9.000000000000    90.000000000000     0.004999999888     0.000010000000     0.020377323031     1.000000000000    19.977031707764
    25.000000000000    25.000000000000     8.000000000000  2000.000000000000    15.000000000000     5.000000000000    35.000000000000     4.000000000000  4000.000000000000     0.001000000047     9.000000000000    90.000000000000     0.004999999888     0.000010000000    -0.114245370030     1.000000000000     0.012981760316
    25.000000000000    25.000000000000    10.000000000000  2000.000000000000    15.000000000000     5.000000000000    35.000000000000     4.000000000000  4000.000000000000     0.001000000047     9.000000000000    90.000000000000     0.004999999888     0.000010000000    -0.146886914968     1.000000000000     0.006159515586
    25.000000000000    25.000000000000     4.000000000000  2000.000000000000    15.000000000000     6.000000000000    40.000000000000     4.000000000000  4000.000000000000     0.001000000047     9.000000000000    90.000000000000     0.004999999888     0.000010000000    -0.055956926197     1.000000000000     1.036989092827
    25.000000000000    25.000000000000     6.000000000000  2000.000000000000    15.000000000000     6.000000000000    40.000000000000     4.000000000000  4000.000000000000     0.001000000047     9.000000000000    90.000000000000     0.004999999888     0.000010000000    -0.093261539936     1.000000000000     0.030486930162
    25.000000000000    25.000000000000     8.000000000000  2000.000000000000    15.000000000000     6.000000000000    40.000000000000     4.000000000000  4000.000000000000     0.001000000047     9.000000000000    90.000000000000     0.004999999888     0.000010000000    -0.130566149950     1.000000000000     0.009529748932
    25.000000000000    25.000000000000    10.000000000000  2000.000000000000    15.000000000000     6.000000000000    40.000000000000     4.000000000000  4000.000000000000     0.001000000047     9.000000000000    90.000000000000     0.004999999888     0.000010000000    -0.167870789766     1.000000000000     0.007365772035
    25.000000000000    25.000000000000     4.000000000000  2000.000000000000    15.000000000000     3.000000000000    20.000000000000     4.000000000000  1000.000000000000     0.001000000047    12.000000000000    90.000000000000     0.004999999888     0.000010000000    -0.027978463098     1.000000000000     1.649840712547
   310.000000000000    50.000000000000     8.000000000000  2000.000000000000    15.000000000000     5.000000000000    35.000000000000     4.000000000000  4000.000000000000     0.001000000047     9.000000000000    90.000000000000     0.004999999888     0.000010000000     0.031510174274     1.000000000000    17.371757507324
    50.000000000000    50.000000000000     8.000000000000  2000.000000000000    15.000000000000     5.000000000000    35.000000000000     4.000000000000  4000.000000000000     0.001000000047     9.000000000000    90.000000000000     0.004999999888     0.000010000000    -0.291979640722     1.000000000000     0.029637055472
    50.000000000000    50.000000000000    10.000000000000  2000.000000000000    15.000000000000     5.000000000000    35.000000000000     4.000000000000  4000.000000000000     0.001000000047     9.000000000000    90.000000000000     0.004999999888     0.000010000000    -0.375402361155     1.000000000000     0.007639900781
    50.000000000000    50.000000000000     4.000000000000  2000.000000000000    15.000000000000     6.000000000000    40.000000000000     4.000000000000  4000.000000000000     0.001000000047     9.000000000000    90.000000000000     0.004999999888     0.000010000000    -0.143010437489     1.000000000000     1.159966588020
    50.000000000000    50.000000000000     6.000000000000  2000.000000000000    15.000000000000     6.000000000000    40.000000000000     4.000000000000  4000.000000000000     0.001000000047     9.000000000000    90.000000000000     0.004999999888     0.000010000000    -0.238350704312     1.000000000000     0.095959119499
   335.000000000000    25.000000000000     8.000000000000   500.000000000000    20.000000000000     5.000000000000    35.000000000000     4.000000000000  4000.000000000000     0.001000000047     9.000000000000    90.000000000000     0.004999999888     0.000010000000     0.020377323031     1.000000000000     0.148203998804
    25.000000000000    25.000000000000     8.000000000000   500.000000000000    20.000000000000     5.000000000000    35.000000000000     4.000000000000  4000.000000000000     0.001000000047     9.000000000000    90.000000000000     0.004999999888     0.000010000000    -0.114245370030     1.000000000000     0.000041946463
    25.000000000000    25.000000000000    10.000000000000   500.000000000000    20.000000000000     5.000000000000    35.000000000000     4.000000000000  4000.000000000000     0.001000000047     9.000000000000    90.000000000000     0.004999999888     0.000010000000    -0.146886914968     1.000000000000     0.000000641870
    25.000000000000    25.000000000000     4.000000000000   500.000000000000    20.000000000000     6.000000000000    40.000000000000     4.000000000000  4000.000000000000     0.001000000047     9.000000000000    90.000000000000     0.004999999888     0.000010000000    -0.055956926197     1.000000000000     0.002094932133
    25.000000000000    25.000000000000     6.000000000000   500.000000000000    20.000000000000     6.000000000000    40.000000000000     4.000000000000  4000.000000000000     0.001000000047     9.000000000000    90.000000000000     0.004999999888     0.000010000000    -0.093261539936     1.000000000000     0.000041283969
    25.000000000000    25.000000000000     8.000000000000   500.000000000000    20.000000000000     6.000000000000    40.000000000000     4.000000000000  4000.000000000000     0.001000000047     9.000000000000    90.000000000000     0.004999999888     0.000010000000    -0.130566149950     1.000000000000     0.000004996123
    25.000000000000    25.000000000000    10.000000000000   500.000000000000    20.000000000000     6.000000000000    40.000000000000     4.000000000000  4000.000000000000     0.001000000047     9.000000000000    90.000000000000     0.004999999888     0.000010000000    -0.167870789766     1.000000000000     0.000010350467
    25.000000000000    25.000000000000     4.000000000000   500.000000000000    20.000000000000     3.000000000000    20.000000000000     4.000000000000  1000.000000000000     0.001000000047    12.000000000000    90.000000000000     0.004999999888     0.000010000000    -0.027978463098     1.000000000000     0.003172029508
    25.000000000000    25.000000000000     6.000000000000   500.000000000000    20.000000000000     3.000000000000    20.000000000000     4.000000000000  1000.000000000000     0.001000000047    12.000000000000    90.000000000000     0.004999999888     0.000010000000    -0.046630769968     1.000000000000     0.000839103654
    50.000000000000    50.000000000000     8.000000000000   500.000000000000    20.000000000000     5.000000000000    35.000000000000     4.000000000000  4000.000000000000     0.001000000047     9.000000000000    90.000000000000     0.004999999888     0.000010000000    -0.291979640722     1.000000000000     0.000010261840
    50.000000000000    50.000000000000    10.000000000000   500.000000000000    20.000000000000     5.000000000000    35.000000000000     4.000000000000  4000.000000000000     0.001000000047     9.000000000000    90.000000000000     0.004999999888     0.000010000000    -0.375402361155     1.000000000000     0.000001266415
    50.000000000000    50.000000000000     4.000000000000   500.000000000000    20.000000000000     6.000000000000    40.000000000000     4.000000000000  4000.000000000000     0.001000000047     9.000000000000    90.000000000000     0.004999999888     0.000010000000    -0.143010437489     1.000000000000     0.002064247383
    50.000000000000    50.000000000000     6.000000000000   500.000000000000    20.000000000000     6.000000000000    40.000000000000     4.000000000000  4000.000000000000     0.001000000047     9.000000000000    90.000000000000     0.004999999888     0.000010000000    -0.238350704312     1.000000000000     0.000079999736
    50.000000000000    50.000000000000     8.000000000000   500.000000000000    20.000000000000     6.000000000000    40.000000000000     4.000000000000  4000.000000000000     0.001000000047     9.000000000000    90.000000000000     0.004999999888     0.000010000000    -0.333691030741     1.000000000000     0.000009816731
    50.000000000000    50.000000000000    10.000000000000   500.000000000000    20.000000000000     6.000000000000    40.000000000000     4.000000000000  4000.000000000000     0.001000000047     9.000000000000    90.000000000000     0.004999999888     0.000010000000    -0.429031252861     1.000000000000     0.000001052885
    50.000000000000    50.000000000000     4.000000000000   500.000000000000    20.000000000000     3.000000000000    20.000000000000     4.000000000000  1000.000000000000     0.001000000047    12.000000000000    90.000000000000     0.004999999888     0.000010000000    -0.071505218744     1.000000000000     0.004678661935
    50.000000000000    50.000000000000     6.000000000000   500.000000000000    20.000000000000     3.000000000000    20.000000000000     4.000000000000  1000.000000000000     0.001000000047    12.000000000000    90.000000000000     0.004999999888     0.000010000000    -0.119175344706     1.000000000000     0.000414694427
    50.000000000000    50.000000000000     8.000000000000   500.000000000000    20.000000000000     3.000000000000    20.000000000000     4.000000000000  1000.000000000000     0.001000000047    12.000000000000    90.000000000000     0.004999999888     0.000010000000    -0.166845500469     1.000000000000     0.000398406846
    50.000000000000    50.000000000000    10.000000000000   500.000000000000    20.000000000000     3.000000000000    20.000000000000     4.000000000000  1000.000000000000     0.001000000047    12.000000000000    90.000000000000     0.004999999888     0.000010000000    -0.214515626431     1.000000000000     0.000089149318
   335.000000000000    25.000000000000     8.000000000000  1000.000000000000    20.000000000000     5.000000000000    35.000000000000     4.000000000000  4000.000000000000     0.001000000047     9.000000000000    90.000000000000     0.004999999888     0.000010000000     0.020377323031     1.000000000000     2.587509870529
    25.000000000000    25.000000000000     8.000000000000  1000.000000000000    20.000000000000     5.000000000000    35.000000000000     4.000000000000  4000.000000000000     0.001000000047     9.000000000000    90.000000000000     0.004999999888     0.000010000000    -0.114245370030     1.000000000000     0.000486846839
    25.000000000000    25.000000000000    10.000000000000  1000.000000000000    20.000000000000     5.000000000000    35.000000000000     4.000000000000  4000.000000000000     0.001000000047     9.000000000000    90.000000000000     0.004999999888     0.000010000000    -0.146886914968     1.000000000000     0.000306038390
    25.000000000000    25.000000000000     4.000000000000  1000.000000000000    20.000000000000     6.000000000000    40.000000000000     4.000000000000  4000.000000000000     0.001000000047     9.000000000000    90.000000000000     0.004999999888     0.000010000000    -0.055956926197     1.000000000000     0.060549881309
    25.000000000000    25.000000000000     6.000000000000  1000.000000000000    20.000000000000     6.000000000000    40.000000000000     4.000000000000  4000.000000000000     0.001000000047     9.000000000000    90.000000000000     0.004999999888     0.000010000000    -0.093261539936     1.000000000000     0.001828300767
    25.000000000000    25.000000000000     8.000000000000  1000.000000000000    20.000000000000     6.000000000000    40.000000000000     4.000000000000  4000.000000000000     0.001000000047     9.000000000000    90.000000000000     0.004999999888     0.000010000000    -0.130566149950     1.000000000000     0.000785399403
    25.000000000000    25.000000000000    10.000000000000  1000.000000000000    20.000000000000     6.000000000000    40.000000000000     4.000000000000  4000.000000000000     0.001000000047     9.000000000000    90.000000000000     0.004999999888     0.000010000000    -0.167870789766     1.000000000000     0.000449419895
    25.000000000000    25.000000000000     4.000000000000  1000.000000000000    20.000000000000     3.000000000000    20.000000000000     4.000000000000  1000.000000000000     0.001000000047    12.000000000000    90.000000000000     0.004999999888     0.000010000000    -0.027978463098     1.000000000000     0.094868786633
    50.000000000000    50.000000000000     8.000000000000  1000.000000000000    20.000000000000     5.000000000000    35.000000000000     4.000000000000  4000.000000000000     0.001000000047     9.000000000000    90.000000000000     0.004999999888     0.000010000000    -0.291979640722     1.000000000000     0.001191250863
    50.000000000000    50.000000000000    10.000000000000  1000.000000000000    20.000000000000     5.000000000000    35.000000000000     4.000000000000  4000.000000000000     0.001000000047     9.000000000000    90.000000000000     0.004999999888     0.000010000000    -0.375402361155     1.000000000000     0.000246520824
    50.000000000000    50.000000000000     4.000000000000  1000.000000000000    20.000000000000     6.000000000000    40.000000000000     4.000000000000  4000.000000000000     0.001000000047     9.000000000000    90.000000000000     0.004999999888     0.000010000000    -0.143010437489     1.000000000000     0.065833337605
    50.000000000000    50.000000000000     6.000000000000  1000.000000000000    20.000000000000     6.000000000000    40.000000000000     4.000000000000  4000.000000000000     0.001000000047     9.000000000000    90.000000000000     0.004999999888     0.000010000000    -0.238350704312     1.000000000000     0.004826457240
    50.000000000000    50.000000000000     8.000000000000  1000.000000000000    20.000000000000     6.000000000000    40.000000000000     4.000000000000  4000.000000000000     0.001000000047     9.000000000000    90.000000000000     0.004999999888     0.000010000000    -0.333691030741     1.000000000000     0.001252470887
    50.000000000000    50.000000000000    10.000000000000  1000.000000000000    20.000000000000     6.000000000000    40.000000000000     4.000000000000  4000.000000000000     0.001000000047     9.000000000000    90.000000000000     0.004999999888     0.000010000000    -0.429031252861     1.000000000000     0.000203727133
    50.000000000000    50.000000000000     4.000000000000  1000.000000000000    20.000000000000     3.000000000000    20.000000000000     4.000000000000  1000.000000000000     0.001000000047    12.000000000000    90.000000000000     0.004999999888     0.000010000000    -0.071505218744     1.000000000000     0.139968395233
    50.000000000000    50.000000000000     6.000000000000  1000.000000000000    20.000000000000     3.000000000000    20.000000000000     4.000000000000  1000.000000000000     0.001000000047    12.000000000000    90.000000000000     0.004999999888     0.000010000000    -0.119175344706     1.000000000000     0.022296827286
   335.000000000000    25.000000000000     8.000000000000  1500.000000000000    20.000000000000     5.000000000000    35.000000000000     4.000000000000  4000.000000000000     0.001000000047     9.000000000000    90.000000000000     0.004999999888     0.000010000000     0.020377323031     1.000000000000    12.333724021912
    25.000000000000    25.000000000000     8.000000000000  1500.000000000000    20.000000000000     5.000000000000    35.000000000000     4.000000000000  4000.000000000000     0.001000000047     9.000000000000    90.000000000000     0.004999999888     0.000010000000    -0.114245370030     1.000000000000     0.004182170145
    25.000000000000    25.000000000000    10.000000000000  1500.000000000000    20.000000000000     5.000000000000    35.000000000000     4.000000000000  4000.000000000000     0.001000000047     9.000000000000    90.000000000000     0.004999999888     0.000010000000    -0.146886914968     1.000000000000     0.002188101877
    25.000000000000    25.000000000000     4.000000000000  1500.000000000000    20.000000000000     6.000000000000    40.000000000000     4.000000000000  4000.000000000000     0.001000000047     9.000000000000    90.000000000000     0.004999999888     0.000010000000    -0.055956926197     1.000000000000     0.322401881218
    25.000000000000    25.000000000000     6.000000000000  1500.000000000000    20.000000000000     6.000000000000    40.000000000000     4.000000000000  4000.000000000000     0.001000000047     9.000000000000    90.000000000000     0.004999999888     0.000010000000    -0.093261539936     1.000000000000     0.009685601108
    25.000000000000    25.000000000000     8.000000000000  1500.000000000000    20.000000000000     6.000000000000    40.000000000000     4.000000000000  4000.000000000000     0.001000000047     9.000000000000    90.000000000000     0.004999999888     0.000010000000    -0.130566149950     1.000000000000     0.004536567722
    25.000000000000    25.000000000000    10.000000000000  1500.000000000000    20.000000000000     6.000000000000    40.000000000000     4.000000000000  4000.000000000000     0.001000000047     9.000000000000    90.000000000000     0.004999999888     0.000010000000    -0.167870789766     1.000000000000     0.003220952349
    25.000000000000    25.000000000000     4.000000000000  1500.000000000000    20.000000000000     3.000000000000    20.000000000000     4.000000000000  1000.000000000000     0.001000000047    12.000000000000    90.000000000000     0.004999999888     0.000010000000    -0.027978463098     1.000000000000     0.514633297920
    25.000000000000    25.000000000000     6.000000000000  1500.000000000000    20.000000000000     3.000000000000    20.000000000000     4.000000000000  1000.000000000000     0.001000000047    12.000000000000    90.000000000000     0.004999999888     0.000010000000    -0.046630769968     1.000000000000     0.143382966518
    50.000000000000    50.000000000000     8.000000000000  1500.000000000000    20.000000000000     5.000000000000    35.000000000000     4.000000000000  4000.000000000000     0.001000000047     9.000000000000    90.000000000000     0.004999999888     0.000010000000    -0.291979640722     1.000000000000     0.008591577411
    50.000000000000    50.000000000000    10.000000000000  1500.000000000000    20.000000000000     5.000000000000    35.000000000000     4.000000000000  4000.000000000000     0.001000000047     9.000000000000    90.000000000000     0.004999999888     0.000010000000    -0.375402361155     1.000000000000     0.001607770566
    50.000000000000    50.000000000000     4.000000000000  1500.000000000000    20.000000000000     6.000000000000    40.000000000000     4.000000000000  4000.000000000000     0.001000000047     9.000000000000    90.000000000000     0.004999999888     0.000010000000    -0.143010437489     1.000000000000     0.368410021067
    50.000000000000    50.000000000000     6.000000000000  1500.000000000000    20.000000000000     6.000000000000    40.000000000000     4.000000000000  4000.000000000000     0.001000000047     9.000000000000    90.000000000000     0.004999999888     0.000010000000    -0.238350704312     1.000000000000     0.031792752445
   335.000000000000    25.000000000000     8.000000000000  2000.000000000000    20.000000000000     5.000000000000    35.000000000000     4.000000000000  4000.000000000000     0.001000000047     9.000000000000    90.000000000000     0.004999999888     0.000010000000     0.020377323031     1.000000000000    20.015356063843
    25.000000000000    25.000000000000     8.000000000000  2000.000000000000    20.000000000000     5.000000000000    35.000000000000     4.000000000000  4000.000000000000     0.001000000047     9.000000000000    90.000000000000     0.004999999888     0.000010000000    -0.114245370030     1.000000000000     0.012347071432
    25.000000000000    25.000000000000    10.000000000000  2000.000000000000    20.000000000000     5.000000000000    35.000000000000     4.000000000000  4000.000000000000     0.001000000047     9.000000000000    90.000000000000     0.004999999888     0.000010000000    -0.146886914968     1.000000000000     0.007060718723
    25.000000000000    25.000000000000     4.000000000000  2000.000000000000    20.000000000000     6.000000000000    40.000000000000     4.000000000000  4000.000000000000     0.001000000047     9.000000000000    90.000000000000     0.004999999888     0.000010000000    -0.055956926197     1.000000000000     0.984595060349
    25.000000000000    25.000000000000     6.000000000000  2000.000000000000    20.000000000000     6.000000000000    40.000000000000     4.000000000000  4000.000000000000     0.001000000047     9.000000000000    90.000000000000     0.004999999888     0.000010000000    -0.093261539936     1.000000000000     0.033927850425
    50.000000000000    50.000000000000     8.000000000000  2000.000000000000    20.000000000000     5.000000000000    35.000000000000     4.000000000000  4000.000000000000     0.001000000047     9.000000000000    90.000000000000     0.004999999888     0.000010000000    -0.291979640722     1.000000000000     0.028415013105
    50.000000000000    50.000000000000    10.000000000000  2000.000000000000    20.000000000000     5.000000000000    35.000000000000     4.000000000000  4000.000000000000     0.001000000047     9.000000000000    90.000000000000     0.004999999888     0.000010000000    -0.375402361155     1.000000000000     0.006448061205
    50.000000000000    50.000000000000     4.000000000000  2000.000000000000    20.000000000000     6.000000000000    40.000000000000     4.000000000000  4000.000000000000     0.001000000047     9.000000000000    90.000000000000     0.004999999888     0.000010000000    -0.143010437489     1.000000000000     1.144436955452
    50.000000000000    50.000000000000     6.000000000000  2000.000000000000    20.000000000000     6.000000000000    40.000000000000     4.000000000000  4000.000000000000     0.001000000047     9.000000000000    90.000000000000     0.004999999888     0.000010000000    -0.238350704312     1.000000000000     0.096496894956
    50.000000000000    50.000000000000     8.000000000000  2000.000000000000    20.000000000000     6.000000000000    40.000000000000     4.000000000000  4000.000000000000     0.001000000047     9.000000000000    90.000000000000     0.004999999888     0.000010000000    -0.333691030741     1.000000000000     0.028101699427
    50.000000000000    50.000000000000    10.000000000000  2000.000000000000    20.000000000000     6.000000000000    40.000000000000     4.000000000000  4000.000000000000     0.001000000047     9.000000000000    90.000000000000     0.004999999888     0.000010000000    -0.429031252861     1.000000000000     0.004815240856
    50.000000000000    50.000000000000     4.000000000000  2000.000000000000    20.000000000000     3.000000000000    20.000000000000     4.000000000000  1000.000000000000     0.001000000047    12.000000000000    90.000000000000     0.004999999888     0.000010000000    -0.071505218744     1.000000000000     2.457699298859
    50.000000000000    50.000000000000     6.000000000000  2000.000000000000    20.000000000000     3.000000000000    20.000000000000     4.000000000000  1000.000000000000     0.001000000047    12.000000000000    90.000000000000     0.004999999888     0.000010000000    -0.119175344706     1.000000000000     0.463489443064
