 
    25.000000000000    25.000000000000     4.000000000000   500.000000000000     5.000000000000     5.000000000000    35.000000000000     4.000000000000  2000.000000000000     0.001000000047     6.000000000000    90.000000000000     0.004999999888     0.000010000000    -0.048962302506     1.000000000000     0.000008289439
    25.000000000000    25.000000000000     6.000000000000   500.000000000000     5.000000000000     5.000000000000    35.000000000000     4.000000000000  2000.000000000000     0.001000000047     6.000000000000    90.000000000000     0.004999999888     0.000010000000    -0.081603839993     1.000000000000     0.000072746945
    25.000000000000    25.000000000000     4.000000000000  2000.000000000000     5.000000000000     5.000000000000    35.000000000000     4.000000000000  2000.000000000000     0.001000000047     6.000000000000    90.000000000000     0.004999999888     0.000010000000    -0.048962302506     1.000000000000     0.017132733017
    25.000000000000    25.000000000000     6.000000000000  2000.000000000000     5.000000000000     5.000000000000    35.000000000000     4.000000000000  2000.000000000000     0.001000000047     6.000000000000    90.000000000000     0.004999999888     0.000010000000    -0.081603839993     1.000000000000     0.022630134597
   310.000000000000    50.000000000000     4.000000000000  2000.000000000000     5.000000000000     5.000000000000    35.000000000000     4.000000000000  2000.000000000000     0.001000000047     6.000000000000    90.000000000000     0.004999999888     0.000010000000     0.029932945967     1.000000000000    39.925186157227
    50.000000000000    50.000000000000     4.000000000000  2000.000000000000     5.000000000000     5.000000000000    35.000000000000     4.000000000000  2000.000000000000     0.001000000047     6.000000000000    90.000000000000     0.004999999888     0.000010000000    -0.125134125352     1.000000000000     0.067617222667
    50.000000000000    50.000000000000     6.000000000000  2000.000000000000     5.000000000000     5.000000000000    35.000000000000     4.000000000000  2000.000000000000     0.001000000047     6.000000000000    90.000000000000     0.004999999888     0.000010000000    -0.208556875587     1.000000000000     0.058385089040
    50.000000000000    50.000000000000     8.000000000000  2000.000000000000     5.000000000000     5.000000000000    35.000000000000     4.000000000000  2000.000000000000     0.001000000047     6.000000000000    90.000000000000     0.004999999888     0.000010000000    -0.291979640722     1.000000000000     0.064927101135
    50.000000000000    50.000000000000    10.000000000000  2000.000000000000     5.000000000000     5.000000000000    35.000000000000     4.000000000000  2000.000000000000     0.001000000047     6.000000000000    90.000000000000     0.004999999888     0.000010000000    -0.375402361155     1.000000000000     0.057816985995
    50.000000000000    50.000000000000     4.000000000000  2000.000000000000     5.000000000000     6.000000000000    40.000000000000     4.000000000000  2000.000000000000     0.001000000047     6.000000000000    90.000000000000     0.004999999888     0.000010000000    -0.143010437489     1.000000000000     0.058528829366
    50.000000000000    50.000000000000     6.000000000000  2000.000000000000     5.000000000000     6.000000000000    40.000000000000     4.000000000000  2000.000000000000     0.001000000047     6.000000000000    90.000000000000     0.004999999888     0.000010000000    -0.238350704312     1.000000000000     0.060658473521
    50.000000000000    50.000000000000     8.000000000000  2000.000000000000     5.000000000000     6.000000000000    40.000000000000     4.000000000000  2000.000000000000     0.001000000047     6.000000000000    90.000000000000     0.004999999888     0.000010000000    -0.333691030741     1.000000000000     0.060524016619
   335.000000000000    25.000000000000     4.000000000000   500.000000000000    10.000000000000     5.000000000000    35.000000000000     4.000000000000  2000.000000000000     0.001000000047     6.000000000000    90.000000000000     0.004999999888     0.000010000000     0.018018845469     1.000000000000     0.020509684458
   335.000000000000    25.000000000000     6.000000000000   500.000000000000    10.000000000000     5.000000000000    35.000000000000     4.000000000000  2000.000000000000     0.001000000047     6.000000000000    90.000000000000     0.004999999888     0.000010000000     0.016698077321     1.000000000000     0.021885182709
   335.000000000000    25.000000000000     8.000000000000   500.000000000000    10.000000000000     5.000000000000    35.000000000000     4.000000000000  2000.000000000000     0.001000000047     6.000000000000    90.000000000000     0.004999999888     0.000010000000     0.020377323031     1.000000000000     0.010699479841
    25.000000000000    25.000000000000     4.000000000000   500.000000000000    10.000000000000     5.000000000000    35.000000000000     4.000000000000  2000.000000000000     0.001000000047     6.000000000000    90.000000000000     0.004999999888     0.000010000000    -0.048962302506     1.000000000000     0.000031250838
    25.000000000000    25.000000000000     6.000000000000   500.000000000000    10.000000000000     5.000000000000    35.000000000000     4.000000000000  2000.000000000000     0.001000000047     6.000000000000    90.000000000000     0.004999999888     0.000010000000    -0.081603839993     1.000000000000     0.000024041217
    25.000000000000    25.000000000000     8.000000000000   500.000000000000    10.000000000000     5.000000000000    35.000000000000     4.000000000000  2000.000000000000     0.001000000047     6.000000000000    90.000000000000     0.004999999888     0.000010000000    -0.114245370030     1.000000000000     0.000028414714
    25.000000000000    25.000000000000    10.000000000000   500.000000000000    10.000000000000     5.000000000000    35.000000000000     4.000000000000  2000.000000000000     0.001000000047     6.000000000000    90.000000000000     0.004999999888     0.000010000000    -0.146886914968     1.000000000000     0.000017900267
    25.000000000000    25.000000000000     4.000000000000   500.000000000000    10.000000000000     6.000000000000    40.000000000000     4.000000000000  2000.000000000000     0.001000000047     6.000000000000    90.000000000000     0.004999999888     0.000010000000    -0.055956926197     1.000000000000     0.000001749170
   335.000000000000    25.000000000000     4.000000000000  1000.000000000000    10.000000000000     5.000000000000    35.000000000000     4.000000000000  2000.000000000000     0.001000000047     6.000000000000    90.000000000000     0.004999999888     0.000010000000     0.018018845469     1.000000000000     4.160276412964
   335.000000000000    25.000000000000     6.000000000000  1000.000000000000    10.000000000000     5.000000000000    35.000000000000     4.000000000000  2000.000000000000     0.001000000047     6.000000000000    90.000000000000     0.004999999888     0.000010000000     0.016698077321     1.000000000000     4.073429584503
    25.000000000000    25.000000000000     4.000000000000  1000.000000000000    10.000000000000     5.000000000000    35.000000000000     4.000000000000  2000.000000000000     0.001000000047     6.000000000000    90.000000000000     0.004999999888     0.000010000000    -0.048962302506     1.000000000000     0.000932668452
    25.000000000000    25.000000000000     6.000000000000  1000.000000000000    10.000000000000     5.000000000000    35.000000000000     4.000000000000  2000.000000000000     0.001000000047     6.000000000000    90.000000000000     0.004999999888     0.000010000000    -0.081603839993     1.000000000000     0.001179727027
    25.000000000000    25.000000000000     8.000000000000  1000.000000000000    10.000000000000     5.000000000000    35.000000000000     4.000000000000  2000.000000000000     0.001000000047     6.000000000000    90.000000000000     0.004999999888     0.000010000000    -0.114245370030     1.000000000000     0.001022398239
    25.000000000000    25.000000000000    10.000000000000  1000.000000000000    10.000000000000     5.000000000000    35.000000000000     4.000000000000  2000.000000000000     0.001000000047     6.000000000000    90.000000000000     0.004999999888     0.000010000000    -0.146886914968     1.000000000000     0.001358930836
    25.000000000000    25.000000000000     4.000000000000  1000.000000000000    10.000000000000     6.000000000000    40.000000000000     4.000000000000  2000.000000000000     0.001000000047     6.000000000000    90.000000000000     0.004999999888     0.000010000000    -0.055956926197     1.000000000000     0.000791452534
    25.000000000000    25.000000000000     6.000000000000  1000.000000000000    10.000000000000     6.000000000000    40.000000000000     4.000000000000  2000.000000000000     0.001000000047     6.000000000000    90.000000000000     0.004999999888     0.000010000000    -0.093261539936     1.000000000000     0.000947298540
    50.000000000000    50.000000000000     8.000000000000  1000.000000000000    10.000000000000     5.000000000000    20.000000000000     4.000000000000  2000.000000000000     0.001000000047     6.000000000000    90.000000000000     0.004999999888     0.000010000000    -0.166845515370     1.000000000000     0.000332100783
    50.000000000000    50.000000000000    10.000000000000  1000.000000000000    10.000000000000     5.000000000000    20.000000000000     4.000000000000  2000.000000000000     0.001000000047     6.000000000000    90.000000000000     0.004999999888     0.000010000000    -0.214515641332     1.000000000000     0.000538939261
    50.000000000000    50.000000000000     4.000000000000  1000.000000000000    10.000000000000     6.000000000000    20.000000000000     4.000000000000  2000.000000000000     0.001000000047     6.000000000000    90.000000000000     0.004999999888     0.000010000000    -0.071505218744     1.000000000000     0.000507864985
   310.000000000000    50.000000000000     4.000000000000  2000.000000000000    10.000000000000     5.000000000000    35.000000000000     4.000000000000  2000.000000000000     0.001000000047     6.000000000000    90.000000000000     0.004999999888     0.000010000000     0.029932945967     1.000000000000    42.094589233398
    25.000000000000    25.000000000000     4.000000000000   500.000000000000    15.000000000000     5.000000000000    35.000000000000     4.000000000000  2000.000000000000     0.001000000047     6.000000000000    90.000000000000     0.004999999888     0.000010000000    -0.048962302506     1.000000000000     0.000031607764
    25.000000000000    25.000000000000     6.000000000000   500.000000000000    15.000000000000     5.000000000000    35.000000000000     4.000000000000  2000.000000000000     0.001000000047     6.000000000000    90.000000000000     0.004999999888     0.000010000000    -0.081603839993     1.000000000000     0.000008035949
    25.000000000000    25.000000000000     4.000000000000  1500.000000000000    15.000000000000     5.000000000000    35.000000000000     4.000000000000  2000.000000000000     0.001000000047     6.000000000000    90.000000000000     0.004999999888     0.000010000000    -0.048962302506     1.000000000000     0.005839010701
    25.000000000000    25.000000000000     6.000000000000  1500.000000000000    15.000000000000     5.000000000000    35.000000000000     4.000000000000  2000.000000000000     0.001000000047     6.000000000000    90.000000000000     0.004999999888     0.000010000000    -0.081603839993     1.000000000000     0.006988615263
    25.000000000000    25.000000000000     8.000000000000  1500.000000000000    15.000000000000     5.000000000000    35.000000000000     4.000000000000  2000.000000000000     0.001000000047     6.000000000000    90.000000000000     0.004999999888     0.000010000000    -0.114245370030     1.000000000000     0.007095958572
    25.000000000000    25.000000000000    10.000000000000  1500.000000000000    15.000000000000     5.000000000000    35.000000000000     4.000000000000  2000.000000000000     0.001000000047     6.000000000000    90.000000000000     0.004999999888     0.000010000000    -0.146886914968     1.000000000000     0.003175349906
    50.000000000000    50.000000000000     4.000000000000  1500.000000000000    15.000000000000     5.000000000000    35.000000000000     4.000000000000  2000.000000000000     0.001000000047     6.000000000000    90.000000000000     0.004999999888     0.000010000000    -0.125134125352     1.000000000000     0.003210611409
    50.000000000000    50.000000000000     6.000000000000  1500.000000000000    15.000000000000     5.000000000000    35.000000000000     4.000000000000  2000.000000000000     0.001000000047     6.000000000000    90.000000000000     0.004999999888     0.000010000000    -0.208556875587     1.000000000000     0.004400772043
    25.000000000000    25.000000000000     4.000000000000  2000.000000000000    15.000000000000     5.000000000000    35.000000000000     4.000000000000  2000.000000000000     0.001000000047     6.000000000000    90.000000000000     0.004999999888     0.000010000000    -0.048962302506     1.000000000000     0.017039649189
    50.000000000000    50.000000000000     4.000000000000  2000.000000000000    15.000000000000     5.000000000000    35.000000000000     4.000000000000  2000.000000000000     0.001000000047     6.000000000000    90.000000000000     0.004999999888     0.000010000000    -0.125134125352     1.000000000000     0.013086096384
    50.000000000000    50.000000000000     6.000000000000  2000.000000000000    15.000000000000     5.000000000000    35.000000000000     4.000000000000  2000.000000000000     0.001000000047     6.000000000000    90.000000000000     0.004999999888     0.000010000000    -0.208556875587     1.000000000000     0.013506249525
    50.000000000000    50.000000000000     4.000000000000   500.000000000000    20.000000000000     5.000000000000    35.000000000000     4.000000000000  2000.000000000000     0.001000000047     6.000000000000    90.000000000000     0.004999999888     0.000010000000    -0.125134125352     1.000000000000     0.000004050587
    50.000000000000    50.000000000000     6.000000000000   500.000000000000    20.000000000000     5.000000000000    35.000000000000     4.000000000000  2000.000000000000     0.001000000047     6.000000000000    90.000000000000     0.004999999888     0.000010000000    -0.208556875587     1.000000000000     0.000017373870
    25.000000000000    25.000000000000     4.000000000000  1000.000000000000    20.000000000000     5.000000000000    35.000000000000     4.000000000000  2000.000000000000     0.001000000047     6.000000000000    90.000000000000     0.004999999888     0.000010000000    -0.048962302506     1.000000000000     0.001083513722
    25.000000000000    25.000000000000     6.000000000000  1000.000000000000    20.000000000000     5.000000000000    35.000000000000     4.000000000000  2000.000000000000     0.001000000047     6.000000000000    90.000000000000     0.004999999888     0.000010000000    -0.081603839993     1.000000000000     0.001140061882
    25.000000000000    25.000000000000     8.000000000000  1000.000000000000    20.000000000000     5.000000000000    35.000000000000     4.000000000000  2000.000000000000     0.001000000047     6.000000000000    90.000000000000     0.004999999888     0.000010000000    -0.114245370030     1.000000000000     0.001578792464
    25.000000000000    25.000000000000    10.000000000000  1000.000000000000    20.000000000000     5.000000000000    35.000000000000     4.000000000000  2000.000000000000     0.001000000047     6.000000000000    90.000000000000     0.004999999888     0.000010000000    -0.146886914968     1.000000000000     0.001599951298
    25.000000000000    25.000000000000     4.000000000000  1000.000000000000    20.000000000000     6.000000000000    40.000000000000     4.000000000000  2000.000000000000     0.001000000047     6.000000000000    90.000000000000     0.004999999888     0.000010000000    -0.055956926197     1.000000000000     0.000527687953
    25.000000000000    25.000000000000     6.000000000000  1000.000000000000    20.000000000000     6.000000000000    40.000000000000     4.000000000000  2000.000000000000     0.001000000047     6.000000000000    90.000000000000     0.004999999888     0.000010000000    -0.093261539936     1.000000000000     0.001385429641
    50.000000000000    50.000000000000     4.000000000000  1500.000000000000    20.000000000000     5.000000000000    35.000000000000     4.000000000000  2000.000000000000     0.001000000047     6.000000000000    90.000000000000     0.004999999888     0.000010000000    -0.125134125352     1.000000000000     0.005160796922
    50.000000000000    50.000000000000     6.000000000000  1500.000000000000    20.000000000000     5.000000000000    35.000000000000     4.000000000000  2000.000000000000     0.001000000047     6.000000000000    90.000000000000     0.004999999888     0.000010000000    -0.208556875587     1.000000000000     0.004083326552
    25.000000000000    25.000000000000     4.000000000000  2000.000000000000    20.000000000000     5.000000000000    35.000000000000     4.000000000000  2000.000000000000     0.001000000047     6.000000000000    90.000000000000     0.004999999888     0.000010000000    -0.048962302506     1.000000000000     0.018643088639
