   335.000000000000    25.000000000000     4.000000000000   500.000000000000     5.000000000000     3.000000000000    20.000000000000     4.000000000000  1000.000000000000     0.001000000047     3.000000000000    90.000000000000     0.004999999888     0.000010000000     0.014510769397     1.000000000000     6.379630088806
   335.000000000000    25.000000000000     6.000000000000   500.000000000000     5.000000000000     3.000000000000    20.000000000000     4.000000000000  1000.000000000000     0.001000000047     3.000000000000    90.000000000000     0.004999999888     0.000010000000     0.015184614807     1.000000000000     5.042902469635
    25.000000000000    25.000000000000     4.000000000000   500.000000000000     5.000000000000     3.000000000000    20.000000000000     4.000000000000  1000.000000000000     0.001000000047     3.000000000000    90.000000000000     0.004999999888     0.000010000000    -0.027978463098     1.000000000000     0.270032018423
    25.000000000000    25.000000000000     6.000000000000   500.000000000000     5.000000000000     3.000000000000    20.000000000000     4.000000000000  1000.000000000000     0.001000000047     3.000000000000    90.000000000000     0.004999999888     0.000010000000    -0.046630769968     1.000000000000     0.040172386914
   310.000000000000    50.000000000000     4.000000000000   500.000000000000     5.000000000000     3.000000000000    20.000000000000     4.000000000000  1000.000000000000     0.001000000047     3.000000000000    90.000000000000     0.004999999888     0.000010000000     0.022747389972     1.000000000000     6.229552268982
   310.000000000000    50.000000000000     6.000000000000   500.000000000000     5.000000000000     3.000000000000    20.000000000000     4.000000000000  1000.000000000000     0.001000000047     3.000000000000    90.000000000000     0.004999999888     0.000010000000     0.023912325501     1.000000000000     5.565242290497
    50.000000000000    50.000000000000     4.000000000000   500.000000000000     5.000000000000     3.000000000000    20.000000000000     4.000000000000  1000.000000000000     0.001000000047     3.000000000000    90.000000000000     0.004999999888     0.000010000000    -0.071505218744     1.000000000000     0.331026911736
    50.000000000000    50.000000000000     6.000000000000   500.000000000000     5.000000000000     3.000000000000    20.000000000000     4.000000000000  1000.000000000000     0.001000000047     3.000000000000    90.000000000000     0.004999999888     0.000010000000    -0.119175344706     1.000000000000     0.053506135941
   335.000000000000    25.000000000000     4.000000000000  1000.000000000000     5.000000000000     3.000000000000    20.000000000000     4.000000000000  1000.000000000000     0.001000000047     3.000000000000    90.000000000000     0.004999999888     0.000010000000     0.014510769397     1.000000000000    29.262359619141
   335.000000000000    25.000000000000     6.000000000000  1000.000000000000     5.000000000000     3.000000000000    20.000000000000     4.000000000000  1000.000000000000     0.001000000047     3.000000000000    90.000000000000     0.004999999888     0.000010000000     0.015184614807     1.000000000000    29.125446319580
    25.000000000000    25.000000000000     4.000000000000  1000.000000000000     5.000000000000     3.000000000000    20.000000000000     4.000000000000  1000.000000000000     0.001000000047     3.000000000000    90.000000000000     0.004999999888     0.000010000000    -0.027978463098     1.000000000000     4.034060001373
    25.000000000000    25.000000000000     6.000000000000  1000.000000000000     5.000000000000     3.000000000000    20.000000000000     4.000000000000  1000.000000000000     0.001000000047     3.000000000000    90.000000000000     0.004999999888     0.000010000000    -0.046630769968     1.000000000000     0.670087158680
   310.000000000000    50.000000000000     4.000000000000  1000.000000000000     5.000000000000     3.000000000000    20.000000000000     4.000000000000  1000.000000000000     0.001000000047     3.000000000000    90.000000000000     0.004999999888     0.000010000000     0.022747389972     1.000000000000    35.553524017334
   310.000000000000    50.000000000000     6.000000000000  1000.000000000000     5.000000000000     3.000000000000    20.000000000000     4.000000000000  1000.000000000000     0.001000000047     3.000000000000    90.000000000000     0.004999999888     0.000010000000     0.023912325501     1.000000000000    35.568336486816
    50.000000000000    50.000000000000     4.000000000000  1000.000000000000     5.000000000000     3.000000000000    20.000000000000     4.000000000000  1000.000000000000     0.001000000047     3.000000000000    90.000000000000     0.004999999888     0.000010000000    -0.071505218744     1.000000000000     5.095181465149
    50.000000000000    50.000000000000     6.000000000000  1000.000000000000     5.000000000000     3.000000000000    20.000000000000     4.000000000000  1000.000000000000     0.001000000047     3.000000000000    90.000000000000     0.004999999888     0.000010000000    -0.119175344706     1.000000000000     0.971245408058
   335.000000000000    25.000000000000     4.000000000000  1500.000000000000     5.000000000000     3.000000000000    20.000000000000     4.000000000000  1000.000000000000     0.001000000047     3.000000000000    90.000000000000     0.004999999888     0.000010000000     0.014510769397     1.000000000000    29.893884658813
   335.000000000000    25.000000000000     6.000000000000  1500.000000000000     5.000000000000     3.000000000000    20.000000000000     4.000000000000  1000.000000000000     0.001000000047     3.000000000000    90.000000000000     0.004999999888     0.000010000000     0.015184614807     1.000000000000    28.791488647461
    25.000000000000    25.000000000000     4.000000000000  1500.000000000000     5.000000000000     3.000000000000    20.000000000000     4.000000000000  1000.000000000000     0.001000000047     3.000000000000    90.000000000000     0.004999999888     0.000010000000    -0.027978463098     1.000000000000     3.118840456009
   310.000000000000    50.000000000000     4.000000000000  1500.000000000000     5.000000000000     3.000000000000    20.000000000000     4.000000000000  1000.000000000000     0.001000000047     3.000000000000    90.000000000000     0.004999999888     0.000010000000     0.022747389972     1.000000000000    26.963134765625
   310.000000000000    50.000000000000     6.000000000000  1500.000000000000     5.000000000000     3.000000000000    20.000000000000     4.000000000000  1000.000000000000     0.001000000047     3.000000000000    90.000000000000     0.004999999888     0.000010000000     0.023912325501     1.000000000000    27.571968078613
    50.000000000000    50.000000000000     4.000000000000  1500.000000000000     5.000000000000     3.000000000000    20.000000000000     4.000000000000  1000.000000000000     0.001000000047     3.000000000000    90.000000000000     0.004999999888     0.000010000000    -0.071505218744     1.000000000000    13.434171676636
    50.000000000000    50.000000000000     6.000000000000  1500.000000000000     5.000000000000     3.000000000000    20.000000000000     4.000000000000  1000.000000000000     0.001000000047     3.000000000000    90.000000000000     0.004999999888     0.000010000000    -0.119175344706     1.000000000000     4.468558788300
   335.000000000000    25.000000000000     4.000000000000  2000.000000000000     5.000000000000     3.000000000000    20.000000000000     4.000000000000  1000.000000000000     0.001000000047     3.000000000000    90.000000000000     0.004999999888     0.000010000000     0.014510769397     1.000000000000    47.615066528320
   335.000000000000    25.000000000000     6.000000000000  2000.000000000000     5.000000000000     3.000000000000    20.000000000000     4.000000000000  1000.000000000000     0.001000000047     3.000000000000    90.000000000000     0.004999999888     0.000010000000     0.015184614807     1.000000000000    43.924335479736
    25.000000000000    25.000000000000     4.000000000000  2000.000000000000     5.000000000000     3.000000000000    20.000000000000     4.000000000000  1000.000000000000     0.001000000047     3.000000000000    90.000000000000     0.004999999888     0.000010000000    -0.027978463098     1.000000000000    22.892690658569
    25.000000000000    25.000000000000     6.000000000000  2000.000000000000     5.000000000000     3.000000000000    20.000000000000     4.000000000000  1000.000000000000     0.001000000047     3.000000000000    90.000000000000     0.004999999888     0.000010000000    -0.046630769968     1.000000000000     6.799574851990
   310.000000000000    50.000000000000     4.000000000000  2000.000000000000     5.000000000000     3.000000000000    20.000000000000     4.000000000000  1000.000000000000     0.001000000047     3.000000000000    90.000000000000     0.004999999888     0.000010000000     0.022747389972     1.000000000000    23.687068939209
   310.000000000000    50.000000000000     6.000000000000  2000.000000000000     5.000000000000     3.000000000000    20.000000000000     4.000000000000  1000.000000000000     0.001000000047     3.000000000000    90.000000000000     0.004999999888     0.000010000000     0.023912325501     1.000000000000    23.100389480591
    50.000000000000    50.000000000000     4.000000000000  2000.000000000000     5.000000000000     3.000000000000    20.000000000000     4.000000000000  1000.000000000000     0.001000000047     3.000000000000    90.000000000000     0.004999999888     0.000010000000    -0.071505218744     1.000000000000     9.370144844055
   335.000000000000    25.000000000000     4.000000000000   500.000000000000    10.000000000000     3.000000000000    20.000000000000     4.000000000000  1000.000000000000     0.001000000047     3.000000000000    90.000000000000     0.004999999888     0.000010000000     0.014510769397     1.000000000000     6.473291397095
   335.000000000000    25.000000000000     6.000000000000   500.000000000000    10.000000000000     3.000000000000    20.000000000000     4.000000000000  1000.000000000000     0.001000000047     3.000000000000    90.000000000000     0.004999999888     0.000010000000     0.015184614807     1.000000000000     4.902986526489
    25.000000000000    25.000000000000     4.000000000000   500.000000000000    10.000000000000     3.000000000000    20.000000000000     4.000000000000  1000.000000000000     0.001000000047     3.000000000000    90.000000000000     0.004999999888     0.000010000000    -0.027978463098     1.000000000000    
   310.000000000000    50.000000000000     4.000000000000   500.000000000000    10.000000000000     3.000000000000    20.000000000000     4.000000000000  1000.000000000000     0.001000000047     3.000000000000    90.000000000000     0.004999999888     0.000010000000     0.022747389972     1.000000000000     6.193530082703
   310.000000000000    50.000000000000     6.000000000000   500.000000000000    10.000000000000     3.000000000000    20.000000000000     4.000000000000  1000.000000000000     0.001000000047     3.000000000000    90.000000000000     0.004999999888     0.000010000000     0.023912325501     1.000000000000     5.475140571594
    50.000000000000    50.000000000000     4.000000000000   500.000000000000    10.000000000000     3.000000000000    20.000000000000     4.000000000000  1000.000000000000     0.001000000047     3.000000000000    90.000000000000     0.004999999888     0.000010000000    -0.071505218744     1.000000000000     0.333553820848
    50.000000000000    50.000000000000     6.000000000000   500.000000000000    10.000000000000     3.000000000000    20.000000000000     4.000000000000  1000.000000000000     0.001000000047     3.000000000000    90.000000000000     0.004999999888     0.000010000000    -0.119175344706     1.000000000000     0.053580000997
   335.000000000000    25.000000000000     4.000000000000  1000.000000000000    10.000000000000     3.000000000000    20.000000000000     4.000000000000  1000.000000000000     0.001000000047     3.000000000000    90.000000000000     0.004999999888     0.000010000000     0.014510769397     1.000000000000    29.429712295532
   335.000000000000    25.000000000000     6.000000000000  1000.000000000000    10.000000000000     3.000000000000    20.000000000000     4.000000000000  1000.000000000000     0.001000000047     3.000000000000    90.000000000000     0.004999999888     0.000010000000     0.015184614807     1.000000000000    29.039705276489
    25.000000000000    25.000000000000     4.000000000000  1000.000000000000    10.000000000000     3.000000000000    20.000000000000     4.000000000000  1000.000000000000     0.001000000047     3.000000000000    90.000000000000     0.004999999888     0.000010000000    -0.027978463098     1.000000000000     4.055709838867
    25.000000000000    25.000000000000     6.000000000000  1000.000000000000    10.000000000000     3.000000000000    20.000000000000     4.000000000000  1000.000000000000     0.001000000047     3.000000000000    90.000000000000     0.004999999888     0.000010000000    -0.046630769968     1.000000000000     0.751751661301
   310.000000000000    50.000000000000     4.000000000000  1000.000000000000    10.000000000000     3.000000000000    20.000000000000     4.000000000000  1000.000000000000     0.001000000047     3.000000000000    90.000000000000     0.004999999888     0.000010000000     0.022747389972     1.000000000000    35.690364837646
   310.000000000000    50.000000000000     6.000000000000  1000.000000000000    10.000000000000     3.000000000000    20.000000000000     4.000000000000  1000.000000000000     0.001000000047     3.000000000000    90.000000000000     0.004999999888     0.000010000000     0.023912325501     1.000000000000    35.268184661865
    50.000000000000    50.000000000000     4.000000000000  1000.000000000000    10.000000000000     3.000000000000    20.000000000000     4.000000000000  1000.000000000000     0.001000000047     3.000000000000    90.000000000000     0.004999999888     0.000010000000    -0.071505218744     1.000000000000     5.186871528625
    50.000000000000    50.000000000000     6.000000000000  1000.000000000000    10.000000000000     3.000000000000    20.000000000000     4.000000000000  1000.000000000000     0.001000000047     3.000000000000    90.000000000000     0.004999999888     0.000010000000    -0.119175344706     1.000000000000     0.990267157555
   335.000000000000    25.000000000000     4.000000000000  1500.000000000000    10.000000000000     3.000000000000    20.000000000000     4.000000000000  1000.000000000000     0.001000000047     3.000000000000    90.000000000000     0.004999999888     0.000010000000     0.014510769397     1.000000000000    30.019197463989
   335.000000000000    25.000000000000     6.000000000000  1500.000000000000    10.000000000000     3.000000000000    20.000000000000     4.000000000000  1000.000000000000     0.001000000047     3.000000000000    90.000000000000     0.004999999888     0.000010000000     0.015184614807     1.000000000000    28.643815994263
    25.000000000000    25.000000000000     4.000000000000  1500.000000000000    10.000000000000     3.000000000000    20.000000000000     4.000000000000  1000.000000000000     0.001000000047     3.000000000000    90.000000000000     0.004999999888     0.000010000000    -0.027978463098     1.000000000000    13.248659133911
    25.000000000000    25.000000000000     6.000000000000  1500.000000000000    10.000000000000     3.000000000000    20.000000000000     4.000000000000  1000.000000000000     0.001000000047     3.000000000000    90.000000000000     0.004999999888     0.000010000000    -0.046630769968     1.000000000000     3.244076728821
   310.000000000000    50.000000000000     4.000000000000  1500.000000000000    10.000000000000     3.000000000000    20.000000000000     4.000000000000  1000.000000000000     0.001000000047     3.000000000000    90.000000000000     0.004999999888     0.000010000000     0.022747389972     1.000000000000    26.924396514893
   310.000000000000    50.000000000000     6.000000000000  1500.000000000000    10.000000000000     3.000000000000    20.000000000000     4.000000000000  1000.000000000000     0.001000000047     3.000000000000    90.000000000000     0.004999999888     0.000010000000     0.023912325501     1.000000000000    27.562141418457
    50.000000000000    50.000000000000     4.000000000000  1500.000000000000    10.000000000000     3.000000000000    20.000000000000     4.000000000000  1000.000000000000     0.001000000047     3.000000000000    90.000000000000     0.004999999888     0.000010000000    -0.071505218744     1.000000000000    
   335.000000000000    25.000000000000     4.000000000000  2000.000000000000    10.000000000000     3.000000000000    20.000000000000     4.000000000000  1000.000000000000     0.001000000047     3.000000000000    90.000000000000     0.004999999888     0.000010000000     0.014510769397     1.000000000000    47.194374084473
   335.000000000000    25.000000000000     6.000000000000  2000.000000000000    10.000000000000     3.000000000000    20.000000000000     4.000000000000  1000.000000000000     0.001000000047     3.000000000000    90.000000000000     0.004999999888     0.000010000000     0.015184614807     1.000000000000    44.301784515381
   310.000000000000    50.000000000000     4.000000000000  2000.000000000000    10.000000000000     3.000000000000    20.000000000000     4.000000000000  1000.000000000000     0.001000000047     3.000000000000    90.000000000000     0.004999999888     0.000010000000     0.022747389972     1.000000000000    23.870601654053
   310.000000000000    50.000000000000     6.000000000000  2000.000000000000    10.000000000000     3.000000000000    20.000000000000     4.000000000000  1000.000000000000     0.001000000047     3.000000000000    90.000000000000     0.004999999888     0.000010000000     0.023912325501     1.000000000000    23.501428604126
    50.000000000000    50.000000000000     4.000000000000  2000.000000000000    10.000000000000     3.000000000000    20.000000000000     4.000000000000  1000.000000000000     0.001000000047     3.000000000000    90.000000000000     0.004999999888     0.000010000000    -0.071505218744     1.000000000000    20.822914123535
    50.000000000000    50.000000000000     6.000000000000  2000.000000000000    10.000000000000     3.000000000000    20.000000000000     4.000000000000  1000.000000000000     0.001000000047     3.000000000000    90.000000000000     0.004999999888     0.000010000000    -0.119175344706     1.000000000000     9.325112342834
   335.000000000000    25.000000000000     4.000000000000   500.000000000000    15.000000000000     3.000000000000    20.000000000000     4.000000000000  1000.000000000000     0.001000000047     3.000000000000    90.000000000000     0.004999999888     0.000010000000     0.014510769397     1.000000000000     6.362683773041
   335.000000000000    25.000000000000     6.000000000000   500.000000000000    15.000000000000     3.000000000000    20.000000000000     4.000000000000  1000.000000000000     0.001000000047     3.000000000000    90.000000000000     0.004999999888     0.000010000000     0.015184614807     1.000000000000     4.962211608887
    25.000000000000    25.000000000000     4.000000000000   500.000000000000    15.000000000000     3.000000000000    20.000000000000     4.000000000000  1000.000000000000     0.001000000047     3.000000000000    90.000000000000     0.004999999888     0.000010000000    -0.027978463098     1.000000000000     0.262875884771
    25.000000000000    25.000000000000     6.000000000000   500.000000000000    15.000000000000     3.000000000000    20.000000000000     4.000000000000  1000.000000000000     0.001000000047     3.000000000000    90.000000000000     0.004999999888     0.000010000000    -0.046630769968     1.000000000000     0.043036878109
   310.000000000000    50.000000000000     4.000000000000   500.000000000000    15.000000000000     3.000000000000    20.000000000000     4.000000000000  1000.000000000000     0.001000000047     3.000000000000    90.000000000000     0.004999999888     0.000010000000     0.022747389972     1.000000000000     6.200030803680
   310.000000000000    50.000000000000     6.000000000000   500.000000000000    15.000000000000     3.000000000000    20.000000000000     4.000000000000  1000.000000000000     0.001000000047     3.000000000000    90.000000000000     0.004999999888     0.000010000000     0.023912325501     1.000000000000     5.513407707214
    50.000000000000    50.000000000000     4.000000000000   500.000000000000    15.000000000000     3.000000000000    20.000000000000     4.000000000000  1000.000000000000     0.001000000047     3.000000000000    90.000000000000     0.004999999888     0.000010000000    -0.071505218744     1.000000000000     0.335742741823
    50.000000000000    50.000000000000     6.000000000000   500.000000000000    15.000000000000     3.000000000000    20.000000000000     4.000000000000  1000.000000000000     0.001000000047     3.000000000000    90.000000000000     0.004999999888     0.000010000000    -0.119175344706     1.000000000000     0.051417998970
   335.000000000000    25.000000000000     4.000000000000  1000.000000000000    15.000000000000     3.000000000000    20.000000000000     4.000000000000  1000.000000000000     0.001000000047     3.000000000000    90.000000000000     0.004999999888     0.000010000000     0.014510769397     1.000000000000    29.256969451904
   335.000000000000    25.000000000000     6.000000000000  1000.000000000000    15.000000000000     3.000000000000    20.000000000000     4.000000000000  1000.000000000000     0.001000000047     3.000000000000    90.000000000000     0.004999999888     0.000010000000     0.015184614807     1.000000000000    28.984312057495
    25.000000000000    25.000000000000     4.000000000000  1000.000000000000    15.000000000000     3.000000000000    20.000000000000     4.000000000000  1000.000000000000     0.001000000047     3.000000000000    90.000000000000     0.004999999888     0.000010000000    -0.027978463098     1.000000000000     4.096770286560
    25.000000000000    25.000000000000     6.000000000000  1000.000000000000    15.000000000000     3.000000000000    20.000000000000     4.000000000000  1000.000000000000     0.001000000047     3.000000000000    90.000000000000     0.004999999888     0.000010000000    -0.046630769968     1.000000000000     0.692325413227
   310.000000000000    50.000000000000     4.000000000000  1000.000000000000    15.000000000000     3.000000000000    20.000000000000     4.000000000000  1000.000000000000     0.001000000047     3.000000000000    90.000000000000     0.004999999888     0.000010000000     0.022747389972     1.000000000000    35.802242279053
   310.000000000000    50.000000000000     6.000000000000  1000.000000000000    15.000000000000     3.000000000000    20.000000000000     4.000000000000  1000.000000000000     0.001000000047     3.000000000000    90.000000000000     0.004999999888     0.000010000000     0.023912325501     1.000000000000    35.968097686768
    50.000000000000    50.000000000000     4.000000000000  1000.000000000000    15.000000000000     3.000000000000    20.000000000000     4.000000000000  1000.000000000000     0.001000000047     3.000000000000    90.000000000000     0.004999999888     0.000010000000    -0.071505218744     1.000000000000     5.147198677063
    50.000000000000    50.000000000000     6.000000000000  1000.000000000000    15.000000000000     3.000000000000    20.000000000000     4.000000000000  1000.000000000000     0.001000000047     3.000000000000    90.000000000000     0.004999999888     0.000010000000    -0.119175344706     1.000000000000     0.949524581432
   335.000000000000    25.000000000000     4.000000000000  1500.000000000000    15.000000000000     3.000000000000    20.000000000000     4.000000000000  1000.000000000000     0.001000000047     3.000000000000    90.000000000000     0.004999999888     0.000010000000     0.014510769397     1.000000000000    29.749292373657
   335.000000000000    25.000000000000     6.000000000000  1500.000000000000    15.000000000000     3.000000000000    20.000000000000     4.000000000000  1000.000000000000     0.001000000047     3.000000000000    90.000000000000     0.004999999888     0.000010000000     0.015184614807     1.000000000000    28.953590393066
    25.000000000000    25.000000000000     4.000000000000  1500.000000000000    15.000000000000     3.000000000000    20.000000000000     4.000000000000  1000.000000000000     0.001000000047     3.000000000000    90.000000000000     0.004999999888     0.000010000000    -0.027978463098     1.000000000000    13.568844795227
    25.000000000000    25.000000000000     6.000000000000  1500.000000000000    15.000000000000     3.000000000000    20.000000000000     4.000000000000  1000.000000000000     0.001000000047     3.000000000000    90.000000000000     0.004999999888     0.000010000000    -0.046630769968     1.000000000000     3.247106313705
   310.000000000000    50.000000000000     4.000000000000  1500.000000000000    15.000000000000     3.000000000000    20.000000000000     4.000000000000  1000.000000000000     0.001000000047     3.000000000000    90.000000000000     0.004999999888     0.000010000000     0.022747389972     1.000000000000    27.030513763428
   310.000000000000    50.000000000000     6.000000000000  1500.000000000000    15.000000000000     3.000000000000    20.000000000000     4.000000000000  1000.000000000000     0.001000000047     3.000000000000    90.000000000000     0.004999999888     0.000010000000     0.023912325501     1.000000000000    27.790901184082
    50.000000000000    50.000000000000     4.000000000000  1500.000000000000    15.000000000000     3.000000000000    20.000000000000     4.000000000000  1000.000000000000     0.001000000047     3.000000000000    90.000000000000     0.004999999888     0.000010000000    -0.071505218744     1.000000000000    13.615987777710
   335.000000000000    25.000000000000     4.000000000000  2000.000000000000    15.000000000000     3.000000000000    20.000000000000     4.000000000000  1000.000000000000     0.001000000047     3.000000000000    90.000000000000     0.004999999888     0.000010000000     0.014510769397     1.000000000000    47.411537170410
   335.000000000000    25.000000000000     6.000000000000  2000.000000000000    15.000000000000     3.000000000000    20.000000000000     4.000000000000  1000.000000000000     0.001000000047     3.000000000000    90.000000000000     0.004999999888     0.000010000000     0.015184614807     1.000000000000    44.241668701172
    25.000000000000    25.000000000000     4.000000000000  2000.000000000000    15.000000000000     3.000000000000    20.000000000000     4.000000000000  1000.000000000000     0.001000000047     3.000000000000    90.000000000000     0.004999999888     0.000010000000    -0.027978463098     1.000000000000    23.091781616211
    25.000000000000    25.000000000000     6.000000000000  2000.000000000000    15.000000000000     3.000000000000    20.000000000000     4.000000000000  1000.000000000000     0.001000000047     3.000000000000    90.000000000000     0.004999999888     0.000010000000    -0.046630769968     1.000000000000     7.045556068420
   310.000000000000    50.000000000000     4.000000000000  2000.000000000000    15.000000000000     3.000000000000    20.000000000000     4.000000000000  1000.000000000000     0.001000000047     3.000000000000    90.000000000000     0.004999999888     0.000010000000     0.022747389972     1.000000000000    23.656957626343
   310.000000000000    50.000000000000     6.000000000000  2000.000000000000    15.000000000000     3.000000000000    20.000000000000     4.000000000000  1000.000000000000     0.001000000047     3.000000000000    90.000000000000     0.004999999888     0.000010000000     0.023912325501     1.000000000000    23.050867080688
    50.000000000000    50.000000000000     4.000000000000  2000.000000000000    15.000000000000     3.000000000000    20.000000000000     4.000000000000  1000.000000000000     0.001000000047     3.000000000000    90.000000000000     0.004999999888     0.000010000000    -0.071505218744     1.000000000000    20.591135025024
    50.000000000000    50.000000000000     6.000000000000  2000.000000000000    15.000000000000     3.000000000000    20.000000000000     4.000000000000  1000.000000000000     0.001000000047     3.000000000000    90.000000000000     0.004999999888     0.000010000000    -0.119175344706     1.000000000000     9.301276206970
   335.000000000000    25.000000000000     4.000000000000   500.000000000000    20.000000000000     3.000000000000    20.000000000000     4.000000000000  1000.000000000000     0.001000000047     3.000000000000    90.000000000000     0.004999999888     0.000010000000     0.014510769397     1.000000000000     6.558136940002
   335.000000000000    25.000000000000     6.000000000000   500.000000000000    20.000000000000     3.000000000000    20.000000000000     4.000000000000  1000.000000000000     0.001000000047     3.000000000000    90.000000000000     0.004999999888     0.000010000000     0.015184614807     1.000000000000     5.054357051849
    25.000000000000    25.000000000000     4.000000000000   500.000000000000    20.000000000000     3.000000000000    20.000000000000     4.000000000000  1000.000000000000     0.001000000047     3.000000000000    90.000000000000     0.004999999888     0.000010000000    -0.027978463098     1.000000000000     0.264360249043
    25.000000000000    25.000000000000     6.000000000000   500.000000000000    20.000000000000     3.000000000000    20.000000000000     4.000000000000  1000.000000000000     0.001000000047     3.000000000000    90.000000000000     0.004999999888     0.000010000000    -0.046630769968     1.000000000000     0.040105462074
   310.000000000000    50.000000000000     4.000000000000   500.000000000000    20.000000000000     3.000000000000    20.000000000000     4.000000000000  1000.000000000000     0.001000000047     3.000000000000    90.000000000000     0.004999999888     0.000010000000     0.022747389972     1.000000000000     6.290079116821
   310.000000000000    50.000000000000     6.000000000000   500.000000000000    20.000000000000     3.000000000000    20.000000000000     4.000000000000  1000.000000000000     0.001000000047     3.000000000000    90.000000000000     0.004999999888     0.000010000000     0.023912325501     1.000000000000     5.445004940033
    50.000000000000    50.000000000000     4.000000000000   500.000000000000    20.000000000000     3.000000000000    20.000000000000     4.000000000000  1000.000000000000     0.001000000047     3.000000000000    90.000000000000     0.004999999888     0.000010000000    -0.071505218744     1.000000000000     0.340314686298
    50.000000000000    50.000000000000     6.000000000000   500.000000000000    20.000000000000     3.000000000000    20.000000000000     4.000000000000  1000.000000000000     0.001000000047     3.000000000000    90.000000000000     0.004999999888     0.000010000000    -0.119175344706     1.000000000000     0.053990125656
   335.000000000000    25.000000000000     4.000000000000  1000.000000000000    20.000000000000     3.000000000000    20.000000000000     4.000000000000  1000.000000000000     0.001000000047     3.000000000000    90.000000000000     0.004999999888     0.000010000000     0.014510769397     1.000000000000    29.562122344971
   335.000000000000    25.000000000000     6.000000000000  1000.000000000000    20.000000000000     3.000000000000    20.000000000000     4.000000000000  1000.000000000000     0.001000000047     3.000000000000    90.000000000000     0.004999999888     0.000010000000     0.015184614807     1.000000000000    28.897260665894
    25.000000000000    25.000000000000     4.000000000000  1000.000000000000    20.000000000000     3.000000000000    20.000000000000     4.000000000000  1000.000000000000     0.001000000047     3.000000000000    90.000000000000     0.004999999888     0.000010000000    -0.027978463098     1.000000000000     4.196871280670
    25.000000000000    25.000000000000     6.000000000000  1000.000000000000    20.000000000000     3.000000000000    20.000000000000     4.000000000000  1000.000000000000     0.001000000047     3.000000000000    90.000000000000     0.004999999888     0.000010000000    -0.046630769968     1.000000000000     0.698902726173
   310.000000000000    50.000000000000     4.000000000000  1000.000000000000    20.000000000000     3.000000000000    20.000000000000     4.000000000000  1000.000000000000     0.001000000047     3.000000000000    90.000000000000     0.004999999888     0.000010000000     0.022747389972     1.000000000000    35.845390319824
   310.000000000000    50.000000000000     6.000000000000  1000.000000000000    20.000000000000     3.000000000000    20.000000000000     4.000000000000  1000.000000000000     0.001000000047     3.000000000000    90.000000000000     0.004999999888     0.000010000000     0.023912325501     1.000000000000    35.585884094238
    50.000000000000    50.000000000000     4.000000000000  1000.000000000000    20.000000000000     3.000000000000    20.000000000000     4.000000000000  1000.000000000000     0.001000000047     3.000000000000    90.000000000000     0.004999999888     0.000010000000    -0.071505218744     1.000000000000    
   335.000000000000    25.000000000000     4.000000000000  1500.000000000000    20.000000000000     3.000000000000    20.000000000000     4.000000000000  1000.000000000000     0.001000000047     3.000000000000    90.000000000000     0.004999999888     0.000010000000     0.014510769397     1.000000000000    30.303283691406
   335.000000000000    25.000000000000     6.000000000000  1500.000000000000    20.000000000000     3.000000000000    20.000000000000     4.000000000000  1000.000000000000     0.001000000047     3.000000000000    90.000000000000     0.004999999888     0.000010000000     0.015184614807     1.000000000000    28.892862319946
    25.000000000000    25.000000000000     4.000000000000  1500.000000000000    20.000000000000     3.000000000000    20.000000000000     4.000000000000  1000.000000000000     0.001000000047     3.000000000000    90.000000000000     0.004999999888     0.000010000000    -0.027978463098     1.000000000000     3.100834608078
   310.000000000000    50.000000000000     4.000000000000  1500.000000000000    20.000000000000     3.000000000000    20.000000000000     4.000000000000  1000.000000000000     0.001000000047     3.000000000000    90.000000000000     0.004999999888     0.000010000000     0.022747389972     1.000000000000    27.112401962280
   310.000000000000    50.000000000000     6.000000000000  1500.000000000000    20.000000000000     3.000000000000    20.000000000000     4.000000000000  1000.000000000000     0.001000000047     3.000000000000    90.000000000000     0.004999999888     0.000010000000     0.023912325501     1.000000000000    27.730880737305
    50.000000000000    50.000000000000     4.000000000000  1500.000000000000    20.000000000000     3.000000000000    20.000000000000     4.000000000000  1000.000000000000     0.001000000047     3.000000000000    90.000000000000     0.004999999888     0.000010000000    -0.071505218744     1.000000000000    13.334609985352
    50.000000000000    50.000000000000     6.000000000000  1500.000000000000    20.000000000000     3.000000000000    20.000000000000     4.000000000000  1000.000000000000     0.001000000047     3.000000000000    90.000000000000     0.004999999888     0.000010000000    -0.119175344706     1.000000000000     4.366718769073
   335.000000000000    25.000000000000     4.000000000000  2000.000000000000    20.000000000000     3.000000000000    20.000000000000     4.000000000000  1000.000000000000     0.001000000047     3.000000000000    90.000000000000     0.004999999888     0.000010000000     0.014510769397     1.000000000000    47.652389526367
   335.000000000000    25.000000000000     6.000000000000  2000.000000000000    20.000000000000     3.000000000000    20.000000000000     4.000000000000  1000.000000000000     0.001000000047     3.000000000000    90.000000000000     0.004999999888     0.000010000000     0.015184614807     1.000000000000    44.313819885254
    25.000000000000    25.000000000000     4.000000000000  2000.000000000000    20.000000000000     3.000000000000    20.000000000000     4.000000000000  1000.000000000000     0.001000000047     3.000000000000    90.000000000000     0.004999999888     0.000010000000    -0.027978463098     1.000000000000    23.181737899780
    25.000000000000    25.000000000000     6.000000000000  2000.000000000000    20.000000000000     3.000000000000    20.000000000000     4.000000000000  1000.000000000000     0.001000000047     3.000000000000    90.000000000000     0.004999999888     0.000010000000    -0.046630769968     1.000000000000     6.867066860199
   310.000000000000    50.000000000000     4.000000000000  2000.000000000000    20.000000000000     3.000000000000    20.000000000000     4.000000000000  1000.000000000000     0.001000000047     3.000000000000    90.000000000000     0.004999999888     0.000010000000     0.022747389972     1.000000000000    23.586347579956
   310.000000000000    50.000000000000     6.000000000000  2000.000000000000    20.000000000000     3.000000000000    20.000000000000     4.000000000000  1000.000000000000     0.001000000047     3.000000000000    90.000000000000     0.004999999888     0.000010000000     0.023912325501     1.000000000000    23.226894378662
    50.000000000000    50.000000000000     4.000000000000  2000.000000000000    20.000000000000     3.000000000000    20.000000000000     4.000000000000  1000.000000000000     0.001000000047     3.000000000000    90.000000000000     0.004999999888     0.000010000000    -0.071505218744     1.000000000000    20.742162704468
    50.000000000000    50.000000000000     6.000000000000  2000.000000000000    20.000000000000     3.000000000000    20.000000000000     4.000000000000  1000.000000000000     0.001000000047     3.000000000000    90.000000000000     0.004999999888     0.000010000000    -0.119175344706     1.000000000000     9.207694053650
