 
   335.000000000000    25.000000000000     8.000000000000   500.000000000000     5.000000000000     5.000000000000    35.000000000000     4.000000000000  3000.000000000000     0.001000000047     6.000000000000    90.000000000000     0.004999999888     0.000010000000     0.020377323031     1.000000000000     0.351038664579
    25.000000000000    25.000000000000     8.000000000000   500.000000000000     5.000000000000     5.000000000000    35.000000000000     4.000000000000  3000.000000000000     0.001000000047     6.000000000000    90.000000000000     0.004999999888     0.000010000000    -0.114245370030     1.000000000000     0.000076424229
    25.000000000000    25.000000000000    10.000000000000   500.000000000000     5.000000000000     5.000000000000    35.000000000000     4.000000000000  3000.000000000000     0.001000000047     6.000000000000    90.000000000000     0.004999999888     0.000010000000    -0.146886914968     1.000000000000     0.000010791101
    25.000000000000    25.000000000000     4.000000000000   500.000000000000     5.000000000000     6.000000000000    40.000000000000     4.000000000000  3000.000000000000     0.001000000047     6.000000000000    90.000000000000     0.004999999888     0.000010000000    -0.055956926197     1.000000000000     0.006688777823
    25.000000000000    25.000000000000     6.000000000000   500.000000000000     5.000000000000     6.000000000000    40.000000000000     4.000000000000  3000.000000000000     0.001000000047     6.000000000000    90.000000000000     0.004999999888     0.000010000000    -0.093261539936     1.000000000000     0.000101270605
    25.000000000000    25.000000000000     8.000000000000   500.000000000000     5.000000000000     6.000000000000    40.000000000000     4.000000000000  3000.000000000000     0.001000000047     6.000000000000    90.000000000000     0.004999999888     0.000010000000    -0.130566149950     1.000000000000     0.000044633241
    25.000000000000    25.000000000000    10.000000000000   500.000000000000     5.000000000000     6.000000000000    40.000000000000     4.000000000000  3000.000000000000     0.001000000047     6.000000000000    90.000000000000     0.004999999888     0.000010000000    -0.167870789766     1.000000000000     0.000033462213
    25.000000000000    25.000000000000     4.000000000000   500.000000000000     5.000000000000     3.000000000000    20.000000000000     4.000000000000  4000.000000000000     0.001000000047     6.000000000000    90.000000000000     0.004999999888     0.000010000000    -0.027978463098     1.000000000000     0.016604328528
    25.000000000000    25.000000000000     6.000000000000   500.000000000000     5.000000000000     3.000000000000    20.000000000000     4.000000000000  4000.000000000000     0.001000000047     6.000000000000    90.000000000000     0.004999999888     0.000010000000    -0.046630769968     1.000000000000     0.004741561133
   310.000000000000    50.000000000000     8.000000000000   500.000000000000     5.000000000000     5.000000000000    35.000000000000     4.000000000000  3000.000000000000     0.001000000047     6.000000000000    90.000000000000     0.004999999888     0.000010000000     0.031510174274     1.000000000000     0.350153237581
    50.000000000000    50.000000000000     8.000000000000   500.000000000000     5.000000000000     5.000000000000    35.000000000000     4.000000000000  3000.000000000000     0.001000000047     6.000000000000    90.000000000000     0.004999999888     0.000010000000    -0.291979640722     1.000000000000     0.000051879160
   335.000000000000    25.000000000000     8.000000000000  1000.000000000000     5.000000000000     5.000000000000    35.000000000000     4.000000000000  3000.000000000000     0.001000000047     6.000000000000    90.000000000000     0.004999999888     0.000010000000     0.020377323031     1.000000000000     5.971332550049
   335.000000000000    25.000000000000    10.000000000000  1000.000000000000     5.000000000000     5.000000000000    35.000000000000     4.000000000000  3000.000000000000     0.001000000047     6.000000000000    90.000000000000     0.004999999888     0.000010000000     0.019056558609     1.000000000000     6.392800807953
   335.000000000000    25.000000000000     4.000000000000  1000.000000000000     5.000000000000     6.000000000000    40.000000000000     4.000000000000  3000.000000000000     0.001000000047     6.000000000000    90.000000000000     0.004999999888     0.000010000000     0.019021540880     1.000000000000    10.038072586060
   335.000000000000    25.000000000000     6.000000000000  1000.000000000000     5.000000000000     6.000000000000    40.000000000000     4.000000000000  3000.000000000000     0.001000000047     6.000000000000    90.000000000000     0.004999999888     0.000010000000     0.020369224250     1.000000000000     6.585809707642
   335.000000000000    25.000000000000     8.000000000000  1000.000000000000     5.000000000000     6.000000000000    40.000000000000     4.000000000000  3000.000000000000     0.001000000047     6.000000000000    90.000000000000     0.004999999888     0.000010000000     0.016716912389     1.000000000000     4.206360816956
    25.000000000000    25.000000000000     8.000000000000  1000.000000000000     5.000000000000     5.000000000000    35.000000000000     4.000000000000  3000.000000000000     0.001000000047     6.000000000000    90.000000000000     0.004999999888     0.000010000000    -0.114245370030     1.000000000000     0.001754909288
   310.000000000000    50.000000000000     8.000000000000  1000.000000000000     5.000000000000     5.000000000000    35.000000000000     4.000000000000  3000.000000000000     0.001000000047     6.000000000000    90.000000000000     0.004999999888     0.000010000000     0.031510174274     1.000000000000     5.748349189758
    50.000000000000    50.000000000000     8.000000000000  1000.000000000000     5.000000000000     5.000000000000    35.000000000000     4.000000000000  3000.000000000000     0.001000000047     6.000000000000    90.000000000000     0.004999999888     0.000010000000    -0.291979640722     1.000000000000     0.003707753960
    50.000000000000    50.000000000000    10.000000000000  1000.000000000000     5.000000000000     5.000000000000    35.000000000000     4.000000000000  3000.000000000000     0.001000000047     6.000000000000    90.000000000000     0.004999999888     0.000010000000    -0.375402361155     1.000000000000     0.000780465081
    50.000000000000    50.000000000000     4.000000000000  1000.000000000000     5.000000000000     6.000000000000    40.000000000000     4.000000000000  3000.000000000000     0.001000000047     6.000000000000    90.000000000000     0.004999999888     0.000010000000    -0.143010437489     1.000000000000     0.158500507474
    50.000000000000    50.000000000000     6.000000000000  1000.000000000000     5.000000000000     6.000000000000    40.000000000000     4.000000000000  3000.000000000000     0.001000000047     6.000000000000    90.000000000000     0.004999999888     0.000010000000    -0.238350704312     1.000000000000     0.011388435028
   335.000000000000    25.000000000000     8.000000000000  1500.000000000000     5.000000000000     5.000000000000    35.000000000000     4.000000000000  3000.000000000000     0.001000000047     6.000000000000    90.000000000000     0.004999999888     0.000010000000     0.020377323031     1.000000000000    19.604360580444
    25.000000000000    25.000000000000     8.000000000000  1500.000000000000     5.000000000000     5.000000000000    35.000000000000     4.000000000000  3000.000000000000     0.001000000047     6.000000000000    90.000000000000     0.004999999888     0.000010000000    -0.114245370030     1.000000000000     0.009281894192
   335.000000000000    25.000000000000     8.000000000000  2000.000000000000     5.000000000000     5.000000000000    35.000000000000     4.000000000000  3000.000000000000     0.001000000047     6.000000000000    90.000000000000     0.004999999888     0.000010000000     0.020377323031     1.000000000000    18.994792938232
   335.000000000000    25.000000000000    10.000000000000  2000.000000000000     5.000000000000     5.000000000000    35.000000000000     4.000000000000  3000.000000000000     0.001000000047     6.000000000000    90.000000000000     0.004999999888     0.000010000000     0.019056558609     1.000000000000    17.595485687256
   335.000000000000    25.000000000000     4.000000000000  2000.000000000000     5.000000000000     6.000000000000    40.000000000000     4.000000000000  3000.000000000000     0.001000000047     6.000000000000    90.000000000000     0.004999999888     0.000010000000     0.019021540880     1.000000000000    21.599317550659
   335.000000000000    25.000000000000     6.000000000000  2000.000000000000     5.000000000000     6.000000000000    40.000000000000     4.000000000000  3000.000000000000     0.001000000047     6.000000000000    90.000000000000     0.004999999888     0.000010000000     0.020369224250     1.000000000000    11.249481201172
   335.000000000000    25.000000000000     8.000000000000  2000.000000000000     5.000000000000     6.000000000000    40.000000000000     4.000000000000  3000.000000000000     0.001000000047     6.000000000000    90.000000000000     0.004999999888     0.000010000000     0.016716912389     1.000000000000     6.857132911682
    25.000000000000    25.000000000000     8.000000000000  2000.000000000000     5.000000000000     5.000000000000    35.000000000000     4.000000000000  3000.000000000000     0.001000000047     6.000000000000    90.000000000000     0.004999999888     0.000010000000    -0.114245370030     1.000000000000     0.028379291296
    25.000000000000    25.000000000000    10.000000000000  2000.000000000000     5.000000000000     5.000000000000    35.000000000000     4.000000000000  3000.000000000000     0.001000000047     6.000000000000    90.000000000000     0.004999999888     0.000010000000    -0.146886914968     1.000000000000     0.014666179195
    50.000000000000    50.000000000000     8.000000000000  2000.000000000000     5.000000000000     5.000000000000    35.000000000000     4.000000000000  3000.000000000000     0.001000000047     6.000000000000    90.000000000000     0.004999999888     0.000010000000    -0.291979640722     1.000000000000     0.071551248431
   335.000000000000    25.000000000000     8.000000000000   500.000000000000    10.000000000000     5.000000000000    35.000000000000     4.000000000000  3000.000000000000     0.001000000047     6.000000000000    90.000000000000     0.004999999888     0.000010000000     0.020377323031     1.000000000000     0.358628511429
    25.000000000000    25.000000000000     8.000000000000   500.000000000000    10.000000000000     5.000000000000    35.000000000000     4.000000000000  3000.000000000000     0.001000000047     6.000000000000    90.000000000000     0.004999999888     0.000010000000    -0.114245370030     1.000000000000     0.000053898188
    25.000000000000    25.000000000000    10.000000000000   500.000000000000    10.000000000000     5.000000000000    35.000000000000     4.000000000000  3000.000000000000     0.001000000047     6.000000000000    90.000000000000     0.004999999888     0.000010000000    -0.146886914968     1.000000000000     0.000000000000
    25.000000000000    25.000000000000     4.000000000000   500.000000000000    10.000000000000     6.000000000000    40.000000000000     4.000000000000  3000.000000000000     0.001000000047     6.000000000000    90.000000000000     0.004999999888     0.000010000000    -0.055956926197     1.000000000000     0.006612838246
    25.000000000000    25.000000000000     6.000000000000   500.000000000000    10.000000000000     6.000000000000    40.000000000000     4.000000000000  3000.000000000000     0.001000000047     6.000000000000    90.000000000000     0.004999999888     0.000010000000    -0.093261539936     1.000000000000     0.000118172604
    25.000000000000    25.000000000000     8.000000000000   500.000000000000    10.000000000000     6.000000000000    40.000000000000     4.000000000000  3000.000000000000     0.001000000047     6.000000000000    90.000000000000     0.004999999888     0.000010000000    -0.130566149950     1.000000000000     0.000049711769
    25.000000000000    25.000000000000    10.000000000000   500.000000000000    10.000000000000     6.000000000000    40.000000000000     4.000000000000  3000.000000000000     0.001000000047     6.000000000000    90.000000000000     0.004999999888     0.000010000000    -0.167870789766     1.000000000000     0.000005100325
    25.000000000000    25.000000000000     4.000000000000   500.000000000000    10.000000000000     3.000000000000    20.000000000000     4.000000000000  4000.000000000000     0.001000000047     6.000000000000    90.000000000000     0.004999999888     0.000010000000    -0.027978463098     1.000000000000     0.017370736226
    50.000000000000    50.000000000000     8.000000000000   500.000000000000    10.000000000000     5.000000000000    35.000000000000     4.000000000000  3000.000000000000     0.001000000047     6.000000000000    90.000000000000     0.004999999888     0.000010000000    -0.291979640722     1.000000000000     0.000079750280
    50.000000000000    50.000000000000    10.000000000000   500.000000000000    10.000000000000     5.000000000000    35.000000000000     4.000000000000  3000.000000000000     0.001000000047     6.000000000000    90.000000000000     0.004999999888     0.000010000000    -0.375402361155     1.000000000000     0.000003357290
    50.000000000000    50.000000000000     4.000000000000   500.000000000000    10.000000000000     6.000000000000    40.000000000000     4.000000000000  3000.000000000000     0.001000000047     6.000000000000    90.000000000000     0.004999999888     0.000010000000    -0.143010437489     1.000000000000     0.006436189637
    50.000000000000    50.000000000000     6.000000000000   500.000000000000    10.000000000000     6.000000000000    40.000000000000     4.000000000000  3000.000000000000     0.001000000047     6.000000000000    90.000000000000     0.004999999888     0.000010000000    -0.238350704312     1.000000000000     0.000360063103
    50.000000000000    50.000000000000     8.000000000000   500.000000000000    10.000000000000     6.000000000000    40.000000000000     4.000000000000  3000.000000000000     0.001000000047     6.000000000000    90.000000000000     0.004999999888     0.000010000000    -0.333691030741     1.000000000000     0.000045977100
    50.000000000000    50.000000000000    10.000000000000   500.000000000000    10.000000000000     6.000000000000    40.000000000000     4.000000000000  3000.000000000000     0.001000000047     6.000000000000    90.000000000000     0.004999999888     0.000010000000    -0.429031252861     1.000000000000     0.000002023587
    50.000000000000    50.000000000000     4.000000000000   500.000000000000    10.000000000000     3.000000000000    20.000000000000     4.000000000000  4000.000000000000     0.001000000047     6.000000000000    90.000000000000     0.004999999888     0.000010000000    -0.071505218744     1.000000000000     0.029438985512
    50.000000000000    50.000000000000     6.000000000000   500.000000000000    10.000000000000     3.000000000000    20.000000000000     4.000000000000  4000.000000000000     0.001000000047     6.000000000000    90.000000000000     0.004999999888     0.000010000000    -0.119175344706     1.000000000000     0.003117516404
   335.000000000000    25.000000000000     8.000000000000  1000.000000000000    10.000000000000     5.000000000000    35.000000000000     4.000000000000  3000.000000000000     0.001000000047     6.000000000000    90.000000000000     0.004999999888     0.000010000000     0.020377323031     1.000000000000     5.941636562347
    25.000000000000    25.000000000000     8.000000000000  1000.000000000000    10.000000000000     5.000000000000    35.000000000000     4.000000000000  3000.000000000000     0.001000000047     6.000000000000    90.000000000000     0.004999999888     0.000010000000    -0.114245370030     1.000000000000     0.001703627408
    25.000000000000    25.000000000000    10.000000000000  1000.000000000000    10.000000000000     5.000000000000    35.000000000000     4.000000000000  3000.000000000000     0.001000000047     6.000000000000    90.000000000000     0.004999999888     0.000010000000    -0.146886914968     1.000000000000     0.000875189493
    25.000000000000    25.000000000000     4.000000000000  1000.000000000000    10.000000000000     6.000000000000    40.000000000000     4.000000000000  3000.000000000000     0.001000000047     6.000000000000    90.000000000000     0.004999999888     0.000010000000    -0.055956926197     1.000000000000     0.141797155142
    25.000000000000    25.000000000000     6.000000000000  1000.000000000000    10.000000000000     6.000000000000    40.000000000000     4.000000000000  3000.000000000000     0.001000000047     6.000000000000    90.000000000000     0.004999999888     0.000010000000    -0.093261539936     1.000000000000     0.003890848020
    25.000000000000    25.000000000000     8.000000000000  1000.000000000000    10.000000000000     6.000000000000    40.000000000000     4.000000000000  3000.000000000000     0.001000000047     6.000000000000    90.000000000000     0.004999999888     0.000010000000    -0.130566149950     1.000000000000     0.001159439795
    25.000000000000    25.000000000000    10.000000000000  1000.000000000000    10.000000000000     6.000000000000    40.000000000000     4.000000000000  3000.000000000000     0.001000000047     6.000000000000    90.000000000000     0.004999999888     0.000010000000    -0.167870789766     1.000000000000     0.000861295848
    25.000000000000    25.000000000000     4.000000000000  1000.000000000000    10.000000000000     3.000000000000    20.000000000000     4.000000000000  4000.000000000000     0.001000000047     6.000000000000    90.000000000000     0.004999999888     0.000010000000    -0.027978463098     1.000000000000     0.404905378819
   310.000000000000    50.000000000000     8.000000000000  1000.000000000000    10.000000000000     5.000000000000    35.000000000000     4.000000000000  3000.000000000000     0.001000000047     6.000000000000    90.000000000000     0.004999999888     0.000010000000     0.031510174274     1.000000000000     5.766955852509
    50.000000000000    50.000000000000     8.000000000000  1000.000000000000    10.000000000000     5.000000000000    35.000000000000     4.000000000000  3000.000000000000     0.001000000047     6.000000000000    90.000000000000     0.004999999888     0.000010000000    -0.291979640722     1.000000000000     0.003194971941
   335.000000000000    25.000000000000     8.000000000000  1500.000000000000    10.000000000000     5.000000000000    35.000000000000     4.000000000000  3000.000000000000     0.001000000047     6.000000000000    90.000000000000     0.004999999888     0.000010000000     0.020377323031     1.000000000000    19.469982147217
   335.000000000000    25.000000000000    10.000000000000  1500.000000000000    10.000000000000     5.000000000000    35.000000000000     4.000000000000  3000.000000000000     0.001000000047     6.000000000000    90.000000000000     0.004999999888     0.000010000000     0.019056558609     1.000000000000    21.185632705688
    25.000000000000    25.000000000000     8.000000000000  1500.000000000000    10.000000000000     5.000000000000    35.000000000000     4.000000000000  3000.000000000000     0.001000000047     6.000000000000    90.000000000000     0.004999999888     0.000010000000    -0.114245370030     1.000000000000     0.009331461973
    25.000000000000    25.000000000000    10.000000000000  1500.000000000000    10.000000000000     5.000000000000    35.000000000000     4.000000000000  3000.000000000000     0.001000000047     6.000000000000    90.000000000000     0.004999999888     0.000010000000    -0.146886914968     1.000000000000     0.003241876606
    25.000000000000    25.000000000000     4.000000000000  1500.000000000000    10.000000000000     6.000000000000    40.000000000000     4.000000000000  3000.000000000000     0.001000000047     6.000000000000    90.000000000000     0.004999999888     0.000010000000    -0.055956926197     1.000000000000     0.694781720638
    25.000000000000    25.000000000000     6.000000000000  1500.000000000000    10.000000000000     6.000000000000    40.000000000000     4.000000000000  3000.000000000000     0.001000000047     6.000000000000    90.000000000000     0.004999999888     0.000010000000    -0.093261539936     1.000000000000     0.020486118272
    25.000000000000    25.000000000000     8.000000000000  1500.000000000000    10.000000000000     6.000000000000    40.000000000000     4.000000000000  3000.000000000000     0.001000000047     6.000000000000    90.000000000000     0.004999999888     0.000010000000    -0.130566149950     1.000000000000     0.007178102620
    25.000000000000    25.000000000000    10.000000000000  1500.000000000000    10.000000000000     6.000000000000    40.000000000000     4.000000000000  3000.000000000000     0.001000000047     6.000000000000    90.000000000000     0.004999999888     0.000010000000    -0.167870789766     1.000000000000     0.005841162987
    25.000000000000    25.000000000000     4.000000000000  1500.000000000000    10.000000000000     3.000000000000    20.000000000000     4.000000000000  4000.000000000000     0.001000000047     6.000000000000    90.000000000000     0.004999999888     0.000010000000    -0.027978463098     1.000000000000     2.055029630661
    25.000000000000    25.000000000000     6.000000000000  1500.000000000000    10.000000000000     3.000000000000    20.000000000000     4.000000000000  4000.000000000000     0.001000000047     6.000000000000    90.000000000000     0.004999999888     0.000010000000    -0.046630769968     1.000000000000     0.574551701546
   335.000000000000    25.000000000000     8.000000000000  2000.000000000000    10.000000000000     5.000000000000    35.000000000000     4.000000000000  3000.000000000000     0.001000000047     6.000000000000    90.000000000000     0.004999999888     0.000010000000     0.020377323031     1.000000000000    18.717988967896
   335.000000000000    25.000000000000    10.000000000000  2000.000000000000    10.000000000000     5.000000000000    35.000000000000     4.000000000000  3000.000000000000     0.001000000047     6.000000000000    90.000000000000     0.004999999888     0.000010000000     0.019056558609     1.000000000000    17.633563995361
   335.000000000000    25.000000000000     4.000000000000  2000.000000000000    10.000000000000     6.000000000000    40.000000000000     4.000000000000  3000.000000000000     0.001000000047     6.000000000000    90.000000000000     0.004999999888     0.000010000000     0.019021540880     1.000000000000    26.533376693726
    25.000000000000    25.000000000000     8.000000000000  2000.000000000000    10.000000000000     5.000000000000    35.000000000000     4.000000000000  3000.000000000000     0.001000000047     6.000000000000    90.000000000000     0.004999999888     0.000010000000    -0.114245370030     1.000000000000     0.023901607841
    50.000000000000    50.000000000000     8.000000000000  2000.000000000000    10.000000000000     5.000000000000    35.000000000000     4.000000000000  3000.000000000000     0.001000000047     6.000000000000    90.000000000000     0.004999999888     0.000010000000    -0.291979640722     1.000000000000     0.075590275228
   335.000000000000    25.000000000000     8.000000000000   500.000000000000    15.000000000000     5.000000000000    35.000000000000     4.000000000000  3000.000000000000     0.001000000047     6.000000000000    90.000000000000     0.004999999888     0.000010000000     0.020377323031     1.000000000000     0.342222362757
   335.000000000000    25.000000000000    10.000000000000   500.000000000000    15.000000000000     5.000000000000    35.000000000000     4.000000000000  3000.000000000000     0.001000000047     6.000000000000    90.000000000000     0.004999999888     0.000010000000     0.019056558609     1.000000000000     0.398020625114
    25.000000000000    25.000000000000     8.000000000000   500.000000000000    15.000000000000     5.000000000000    35.000000000000     4.000000000000  3000.000000000000     0.001000000047     6.000000000000    90.000000000000     0.004999999888     0.000010000000    -0.114245370030     1.000000000000     0.000016358837
    25.000000000000    25.000000000000    10.000000000000   500.000000000000    15.000000000000     5.000000000000    35.000000000000     4.000000000000  3000.000000000000     0.001000000047     6.000000000000    90.000000000000     0.004999999888     0.000010000000    -0.146886914968     1.000000000000     0.000553217134
    25.000000000000    25.000000000000     4.000000000000   500.000000000000    15.000000000000     6.000000000000    40.000000000000     4.000000000000  3000.000000000000     0.001000000047     6.000000000000    90.000000000000     0.004999999888     0.000010000000    -0.055956926197     1.000000000000     0.006680661812
    25.000000000000    25.000000000000     6.000000000000   500.000000000000    15.000000000000     6.000000000000    40.000000000000     4.000000000000  3000.000000000000     0.001000000047     6.000000000000    90.000000000000     0.004999999888     0.000010000000    -0.093261539936     1.000000000000     0.000104918945
    25.000000000000    25.000000000000     8.000000000000   500.000000000000    15.000000000000     6.000000000000    40.000000000000     4.000000000000  3000.000000000000     0.001000000047     6.000000000000    90.000000000000     0.004999999888     0.000010000000    -0.130566149950     1.000000000000     0.000007970371
    25.000000000000    25.000000000000    10.000000000000   500.000000000000    15.000000000000     6.000000000000    40.000000000000     4.000000000000  3000.000000000000     0.001000000047     6.000000000000    90.000000000000     0.004999999888     0.000010000000    -0.167870789766     1.000000000000     0.000033927241
    25.000000000000    25.000000000000     4.000000000000   500.000000000000    15.000000000000     3.000000000000    20.000000000000     4.000000000000  4000.000000000000     0.001000000047     6.000000000000    90.000000000000     0.004999999888     0.000010000000    -0.027978463098     1.000000000000     0.018002578989
    25.000000000000    25.000000000000     6.000000000000   500.000000000000    15.000000000000     3.000000000000    20.000000000000     4.000000000000  4000.000000000000     0.001000000047     6.000000000000    90.000000000000     0.004999999888     0.000010000000    -0.046630769968     1.000000000000     0.004583008122
    50.000000000000    50.000000000000     8.000000000000   500.000000000000    15.000000000000     5.000000000000    35.000000000000     4.000000000000  3000.000000000000     0.001000000047     6.000000000000    90.000000000000     0.004999999888     0.000010000000    -0.291979640722     1.000000000000     0.000053975677
    50.000000000000    50.000000000000    10.000000000000   500.000000000000    15.000000000000     5.000000000000    35.000000000000     4.000000000000  3000.000000000000     0.001000000047     6.000000000000    90.000000000000     0.004999999888     0.000010000000    -0.375402361155     1.000000000000     0.000010429881
    50.000000000000    50.000000000000     4.000000000000   500.000000000000    15.000000000000     6.000000000000    40.000000000000     4.000000000000  3000.000000000000     0.001000000047     6.000000000000    90.000000000000     0.004999999888     0.000010000000    -0.143010437489     1.000000000000     0.006915137637
    50.000000000000    50.000000000000     6.000000000000   500.000000000000    15.000000000000     6.000000000000    40.000000000000     4.000000000000  3000.000000000000     0.001000000047     6.000000000000    90.000000000000     0.004999999888     0.000010000000    -0.238350704312     1.000000000000     0.000280376727
   335.000000000000    25.000000000000     8.000000000000  1000.000000000000    15.000000000000     5.000000000000    35.000000000000     4.000000000000  3000.000000000000     0.001000000047     6.000000000000    90.000000000000     0.004999999888     0.000010000000     0.020377323031     1.000000000000     5.867872238159
   335.000000000000    25.000000000000    10.000000000000  1000.000000000000    15.000000000000     5.000000000000    35.000000000000     4.000000000000  3000.000000000000     0.001000000047     6.000000000000    90.000000000000     0.004999999888     0.000010000000     0.019056558609     1.000000000000     6.441040039062
   335.000000000000    25.000000000000     4.000000000000  1000.000000000000    15.000000000000     6.000000000000    40.000000000000     4.000000000000  3000.000000000000     0.001000000047     6.000000000000    90.000000000000     0.004999999888     0.000010000000     0.019021540880     1.000000000000     9.948971748352
    25.000000000000    25.000000000000     8.000000000000  1000.000000000000    15.000000000000     5.000000000000    35.000000000000     4.000000000000  3000.000000000000     0.001000000047     6.000000000000    90.000000000000     0.004999999888     0.000010000000    -0.114245370030     1.000000000000     0.002030115807
    25.000000000000    25.000000000000    10.000000000000  1000.000000000000    15.000000000000     5.000000000000    35.000000000000     4.000000000000  3000.000000000000     0.001000000047     6.000000000000    90.000000000000     0.004999999888     0.000010000000    -0.146886914968     1.000000000000     0.000844282156
    25.000000000000    25.000000000000     4.000000000000  1000.000000000000    15.000000000000     6.000000000000    40.000000000000     4.000000000000  3000.000000000000     0.001000000047     6.000000000000    90.000000000000     0.004999999888     0.000010000000    -0.055956926197     1.000000000000     0.129997521639
    25.000000000000    25.000000000000     6.000000000000  1000.000000000000    15.000000000000     6.000000000000    40.000000000000     4.000000000000  3000.000000000000     0.001000000047     6.000000000000    90.000000000000     0.004999999888     0.000010000000    -0.093261539936     1.000000000000     0.004767811857
    25.000000000000    25.000000000000     8.000000000000  1000.000000000000    15.000000000000     6.000000000000    40.000000000000     4.000000000000  3000.000000000000     0.001000000047     6.000000000000    90.000000000000     0.004999999888     0.000010000000    -0.130566149950     1.000000000000     0.001392655540
    25.000000000000    25.000000000000    10.000000000000  1000.000000000000    15.000000000000     6.000000000000    40.000000000000     4.000000000000  3000.000000000000     0.001000000047     6.000000000000    90.000000000000     0.004999999888     0.000010000000    -0.167870789766     1.000000000000     0.000642487372
    25.000000000000    25.000000000000     4.000000000000  1000.000000000000    15.000000000000     3.000000000000    20.000000000000     4.000000000000  4000.000000000000     0.001000000047     6.000000000000    90.000000000000     0.004999999888     0.000010000000    -0.027978463098     1.000000000000     0.397482872009
    25.000000000000    25.000000000000     6.000000000000  1000.000000000000    15.000000000000     3.000000000000    20.000000000000     4.000000000000  4000.000000000000     0.001000000047     6.000000000000    90.000000000000     0.004999999888     0.000010000000    -0.046630769968     1.000000000000     0.114610724151
   310.000000000000    50.000000000000     8.000000000000  1000.000000000000    15.000000000000     5.000000000000    35.000000000000     4.000000000000  3000.000000000000     0.001000000047     6.000000000000    90.000000000000     0.004999999888     0.000010000000     0.031510174274     1.000000000000     5.677946567535
    50.000000000000    50.000000000000     8.000000000000  1000.000000000000    15.000000000000     5.000000000000    35.000000000000     4.000000000000  3000.000000000000     0.001000000047     6.000000000000    90.000000000000     0.004999999888     0.000010000000    -0.291979640722     1.000000000000     0.003685300006
    50.000000000000    50.000000000000    10.000000000000  1000.000000000000    15.000000000000     5.000000000000    35.000000000000     4.000000000000  3000.000000000000     0.001000000047     6.000000000000    90.000000000000     0.004999999888     0.000010000000    -0.375402361155     1.000000000000     0.000499234593
    50.000000000000    50.000000000000     4.000000000000  1000.000000000000    15.000000000000     6.000000000000    40.000000000000     4.000000000000  3000.000000000000     0.001000000047     6.000000000000    90.000000000000     0.004999999888     0.000010000000    -0.143010437489     1.000000000000     0.013067079708
   335.000000000000    25.000000000000     8.000000000000  1500.000000000000    15.000000000000     5.000000000000    35.000000000000     4.000000000000  3000.000000000000     0.001000000047     6.000000000000    90.000000000000     0.004999999888     0.000010000000     0.020377323031     1.000000000000    19.815135955811
    50.000000000000    50.000000000000     8.000000000000  1500.000000000000    15.000000000000     5.000000000000    35.000000000000     4.000000000000  3000.000000000000     0.001000000047     6.000000000000    90.000000000000     0.004999999888     0.000010000000    -0.291979640722     1.000000000000     0.021713901311
    50.000000000000    50.000000000000    10.000000000000  1500.000000000000    15.000000000000     5.000000000000    35.000000000000     4.000000000000  3000.000000000000     0.001000000047     6.000000000000    90.000000000000     0.004999999888     0.000010000000    -0.375402361155     1.000000000000     0.004728807136
    50.000000000000    50.000000000000     4.000000000000  1500.000000000000    15.000000000000     6.000000000000    40.000000000000     4.000000000000  3000.000000000000     0.001000000047     6.000000000000    90.000000000000     0.004999999888     0.000010000000    -0.143010437489     1.000000000000     0.799396574497
   335.000000000000    25.000000000000     8.000000000000  2000.000000000000    15.000000000000     5.000000000000    35.000000000000     4.000000000000  3000.000000000000     0.001000000047     6.000000000000    90.000000000000     0.004999999888     0.000010000000     0.020377323031     1.000000000000    18.693071365356
   335.000000000000    25.000000000000    10.000000000000  2000.000000000000    15.000000000000     5.000000000000    35.000000000000     4.000000000000  3000.000000000000     0.001000000047     6.000000000000    90.000000000000     0.004999999888     0.000010000000     0.019056558609     1.000000000000    17.536380767822
   335.000000000000    25.000000000000     4.000000000000  2000.000000000000    15.000000000000     6.000000000000    40.000000000000     4.000000000000  3000.000000000000     0.001000000047     6.000000000000    90.000000000000     0.004999999888     0.000010000000     0.019021540880     1.000000000000    21.543216705322
    25.000000000000    25.000000000000     8.000000000000  2000.000000000000    15.000000000000     5.000000000000    35.000000000000     4.000000000000  3000.000000000000     0.001000000047     6.000000000000    90.000000000000     0.004999999888     0.000010000000    -0.114245370030     1.000000000000     0.029442654923
    25.000000000000    25.000000000000    10.000000000000  2000.000000000000    15.000000000000     5.000000000000    35.000000000000     4.000000000000  3000.000000000000     0.001000000047     6.000000000000    90.000000000000     0.004999999888     0.000010000000    -0.146886914968     1.000000000000     0.011065117083
    25.000000000000    25.000000000000     4.000000000000  2000.000000000000    15.000000000000     6.000000000000    40.000000000000     4.000000000000  3000.000000000000     0.001000000047     6.000000000000    90.000000000000     0.004999999888     0.000010000000    -0.055956926197     1.000000000000     2.052067041397
    25.000000000000    25.000000000000     6.000000000000  2000.000000000000    15.000000000000     6.000000000000    40.000000000000     4.000000000000  3000.000000000000     0.001000000047     6.000000000000    90.000000000000     0.004999999888     0.000010000000    -0.093261539936     1.000000000000     0.067321062088
    25.000000000000    25.000000000000     8.000000000000  2000.000000000000    15.000000000000     6.000000000000    40.000000000000     4.000000000000  3000.000000000000     0.001000000047     6.000000000000    90.000000000000     0.004999999888     0.000010000000    -0.130566149950     1.000000000000     0.020852230489
    25.000000000000    25.000000000000    10.000000000000  2000.000000000000    15.000000000000     6.000000000000    40.000000000000     4.000000000000  3000.000000000000     0.001000000047     6.000000000000    90.000000000000     0.004999999888     0.000010000000    -0.167870789766     1.000000000000     5.232268810272
   310.000000000000    50.000000000000     8.000000000000  2000.000000000000    15.000000000000     5.000000000000    35.000000000000     4.000000000000  3000.000000000000     0.001000000047     6.000000000000    90.000000000000     0.004999999888     0.000010000000     0.031510174274     1.000000000000    21.582401275635
    50.000000000000    50.000000000000     8.000000000000  2000.000000000000    15.000000000000     5.000000000000    35.000000000000     4.000000000000  3000.000000000000     0.001000000047     6.000000000000    90.000000000000     0.004999999888     0.000010000000    -0.291979640722     1.000000000000     0.065894141793
    50.000000000000    50.000000000000    10.000000000000  2000.000000000000    15.000000000000     5.000000000000    35.000000000000     4.000000000000  3000.000000000000     0.001000000047     6.000000000000    90.000000000000     0.004999999888     0.000010000000    -0.375402361155     1.000000000000     0.017598610371
    50.000000000000    50.000000000000     4.000000000000  2000.000000000000    15.000000000000     6.000000000000    40.000000000000     4.000000000000  3000.000000000000     0.001000000047     6.000000000000    90.000000000000     0.004999999888     0.000010000000    -0.143010437489     1.000000000000     2.095470428467
    50.000000000000    50.000000000000     6.000000000000  2000.000000000000    15.000000000000     6.000000000000    40.000000000000     4.000000000000  3000.000000000000     0.001000000047     6.000000000000    90.000000000000     0.004999999888     0.000010000000    -0.238350704312     1.000000000000     0.213102191687
   335.000000000000    25.000000000000     8.000000000000   500.000000000000    20.000000000000     5.000000000000    35.000000000000     4.000000000000  3000.000000000000     0.001000000047     6.000000000000    90.000000000000     0.004999999888     0.000010000000     0.020377323031     1.000000000000     0.359759300947
   310.000000000000    50.000000000000     8.000000000000   500.000000000000    20.000000000000     5.000000000000    35.000000000000     4.000000000000  3000.000000000000     0.001000000047     6.000000000000    90.000000000000     0.004999999888     0.000010000000     0.031510174274     1.000000000000     0.355167299509
    50.000000000000    50.000000000000     8.000000000000   500.000000000000    20.000000000000     5.000000000000    35.000000000000     4.000000000000  3000.000000000000     0.001000000047     6.000000000000    90.000000000000     0.004999999888     0.000010000000    -0.291979640722     1.000000000000     0.000055396140
    50.000000000000    50.000000000000    10.000000000000   500.000000000000    20.000000000000     5.000000000000    35.000000000000     4.000000000000  3000.000000000000     0.001000000047     6.000000000000    90.000000000000     0.004999999888     0.000010000000    -0.375402361155     1.000000000000     0.000001421766
   335.000000000000    25.000000000000     8.000000000000  1000.000000000000    20.000000000000     5.000000000000    35.000000000000     4.000000000000  3000.000000000000     0.001000000047     6.000000000000    90.000000000000     0.004999999888     0.000010000000     0.020377323031     1.000000000000     5.873397350311
    25.000000000000    25.000000000000     8.000000000000  1000.000000000000    20.000000000000     5.000000000000    35.000000000000     4.000000000000  3000.000000000000     0.001000000047     6.000000000000    90.000000000000     0.004999999888     0.000010000000    -0.114245370030     1.000000000000     0.002208448481
    25.000000000000    25.000000000000    10.000000000000  1000.000000000000    20.000000000000     5.000000000000    35.000000000000     4.000000000000  3000.000000000000     0.001000000047     6.000000000000    90.000000000000     0.004999999888     0.000010000000    -0.146886914968     1.000000000000     0.000804983196
    25.000000000000    25.000000000000     4.000000000000  1000.000000000000    20.000000000000     6.000000000000    40.000000000000     4.000000000000  3000.000000000000     0.001000000047     6.000000000000    90.000000000000     0.004999999888     0.000010000000    -0.055956926197     1.000000000000     0.234273031354
    50.000000000000    50.000000000000     8.000000000000  1000.000000000000    20.000000000000     5.000000000000    35.000000000000     4.000000000000  3000.000000000000     0.001000000047     6.000000000000    90.000000000000     0.004999999888     0.000010000000    -0.291979640722     1.000000000000     0.002605548827
    50.000000000000    50.000000000000    10.000000000000  1000.000000000000    20.000000000000     5.000000000000    35.000000000000     4.000000000000  3000.000000000000     0.001000000047     6.000000000000    90.000000000000     0.004999999888     0.000010000000    -0.375402361155     1.000000000000     0.000545876857
    50.000000000000    50.000000000000     4.000000000000  1000.000000000000    20.000000000000     6.000000000000    40.000000000000     4.000000000000  3000.000000000000     0.001000000047     6.000000000000    90.000000000000     0.004999999888     0.000010000000    -0.143010437489     1.000000000000     0.158062338829
    50.000000000000    50.000000000000     6.000000000000  1000.000000000000    20.000000000000     6.000000000000    40.000000000000     4.000000000000  3000.000000000000     0.001000000047     6.000000000000    90.000000000000     0.004999999888     0.000010000000    -0.238350704312     1.000000000000     0.012491378933
    50.000000000000    50.000000000000     8.000000000000  1000.000000000000    20.000000000000     6.000000000000    40.000000000000     4.000000000000  3000.000000000000     0.001000000047     6.000000000000    90.000000000000     0.004999999888     0.000010000000    -0.333691030741     1.000000000000     0.002601153217
    50.000000000000    50.000000000000    10.000000000000  1000.000000000000    20.000000000000     6.000000000000    40.000000000000     4.000000000000  3000.000000000000     0.001000000047     6.000000000000    90.000000000000     0.004999999888     0.000010000000    -0.429031252861     1.000000000000     0.000666378648
    50.000000000000    50.000000000000     4.000000000000  1000.000000000000    20.000000000000     3.000000000000    20.000000000000     4.000000000000  4000.000000000000     0.001000000047     6.000000000000    90.000000000000     0.004999999888     0.000010000000    -0.071505218744     1.000000000000     0.598886072636
    50.000000000000    50.000000000000     6.000000000000  1000.000000000000    20.000000000000     3.000000000000    20.000000000000     4.000000000000  4000.000000000000     0.001000000047     6.000000000000    90.000000000000     0.004999999888     0.000010000000    -0.119175344706     1.000000000000     0.109061948955
   335.000000000000    25.000000000000     8.000000000000  1500.000000000000    20.000000000000     5.000000000000    35.000000000000     4.000000000000  3000.000000000000     0.001000000047     6.000000000000    90.000000000000     0.004999999888     0.000010000000     0.020377323031     1.000000000000    19.994081497192
    25.000000000000    25.000000000000     8.000000000000  1500.000000000000    20.000000000000     5.000000000000    35.000000000000     4.000000000000  3000.000000000000     0.001000000047     6.000000000000    90.000000000000     0.004999999888     0.000010000000    -0.114245370030     1.000000000000     0.009588273242
    25.000000000000    25.000000000000    10.000000000000  1500.000000000000    20.000000000000     5.000000000000    35.000000000000     4.000000000000  3000.000000000000     0.001000000047     6.000000000000    90.000000000000     0.004999999888     0.000010000000    -0.146886914968     1.000000000000     0.005316790193
    25.000000000000    25.000000000000     4.000000000000  1500.000000000000    20.000000000000     6.000000000000    40.000000000000     4.000000000000  3000.000000000000     0.001000000047     6.000000000000    90.000000000000     0.004999999888     0.000010000000    -0.055956926197     1.000000000000     0.019279018044
    50.000000000000    50.000000000000     8.000000000000  1500.000000000000    20.000000000000     5.000000000000    35.000000000000     4.000000000000  3000.000000000000     0.001000000047     6.000000000000    90.000000000000     0.004999999888     0.000010000000    -0.291979640722     1.000000000000     0.020889654756
    50.000000000000    50.000000000000    10.000000000000  1500.000000000000    20.000000000000     5.000000000000    35.000000000000     4.000000000000  3000.000000000000     0.001000000047     6.000000000000    90.000000000000     0.004999999888     0.000010000000    -0.375402361155     1.000000000000     0.005100090522
    50.000000000000    50.000000000000     4.000000000000  1500.000000000000    20.000000000000     6.000000000000    40.000000000000     4.000000000000  3000.000000000000     0.001000000047     6.000000000000    90.000000000000     0.004999999888     0.000010000000    -0.143010437489     1.000000000000     0.795354306698
    50.000000000000    50.000000000000     6.000000000000  1500.000000000000    20.000000000000     6.000000000000    40.000000000000     4.000000000000  3000.000000000000     0.001000000047     6.000000000000    90.000000000000     0.004999999888     0.000010000000    -0.238350704312     1.000000000000     0.068570427597
   335.000000000000    25.000000000000     8.000000000000  2000.000000000000    20.000000000000     5.000000000000    35.000000000000     4.000000000000  3000.000000000000     0.001000000047     6.000000000000    90.000000000000     0.004999999888     0.000010000000     0.020377323031     1.000000000000    18.829320907593
    25.000000000000    25.000000000000     8.000000000000  2000.000000000000    20.000000000000     5.000000000000    35.000000000000     4.000000000000  3000.000000000000     0.001000000047     6.000000000000    90.000000000000     0.004999999888     0.000010000000    -0.114245370030     1.000000000000     0.032018803060
    25.000000000000    25.000000000000    10.000000000000  2000.000000000000    20.000000000000     5.000000000000    35.000000000000     4.000000000000  3000.000000000000     0.001000000047     6.000000000000    90.000000000000     0.004999999888     0.000010000000    -0.146886914968     1.000000000000     0.011832580902
    25.000000000000    25.000000000000     4.000000000000  2000.000000000000    20.000000000000     6.000000000000    40.000000000000     4.000000000000  3000.000000000000     0.001000000047     6.000000000000    90.000000000000     0.004999999888     0.000010000000    -0.055956926197     1.000000000000     0.064302429557
   310.000000000000    50.000000000000     8.000000000000  2000.000000000000    20.000000000000     5.000000000000    35.000000000000     4.000000000000  3000.000000000000     0.001000000047     6.000000000000    90.000000000000     0.004999999888     0.000010000000     0.031510174274     1.000000000000    21.682086944580
    50.000000000000    50.000000000000     8.000000000000  2000.000000000000    20.000000000000     5.000000000000    35.000000000000     4.000000000000  3000.000000000000     0.001000000047     6.000000000000    90.000000000000     0.004999999888     0.000010000000    -0.291979640722     1.000000000000     0.069084405899
    50.000000000000    50.000000000000    10.000000000000  2000.000000000000    20.000000000000     5.000000000000    35.000000000000     4.000000000000  3000.000000000000     0.001000000047     6.000000000000    90.000000000000     0.004999999888     0.000010000000    -0.375402361155     1.000000000000     0.016599863768
    50.000000000000    50.000000000000     4.000000000000  2000.000000000000    20.000000000000     6.000000000000    40.000000000000     4.000000000000  3000.000000000000     0.001000000047     6.000000000000    90.000000000000     0.004999999888     0.000010000000    -0.143010437489     1.000000000000     0.226839989424
