   335.000000000000    25.000000000000     4.000000000000   500.000000000000     5.000000000000     3.000000000000    20.000000000000     4.000000000000  1000.000000000000     0.001000000047     3.000000000000    90.000000000000     0.004999999888     0.000010000000     0.014510769397     1.000000000000    
   335.000000000000    25.000000000000     6.000000000000   500.000000000000     5.000000000000     3.000000000000    20.000000000000     4.000000000000  1000.000000000000     0.001000000047     3.000000000000    90.000000000000     0.004999999888     0.000010000000     0.015184614807     1.000000000000    
   335.000000000000    25.000000000000     8.000000000000   500.000000000000     5.000000000000     3.000000000000    20.000000000000     4.000000000000  1000.000000000000     0.001000000047     3.000000000000    90.000000000000     0.004999999888     0.000010000000     0.015858463943     1.000000000000    
   335.000000000000    25.000000000000    10.000000000000   500.000000000000     5.000000000000     3.000000000000    20.000000000000     4.000000000000  1000.000000000000     0.001000000047     3.000000000000    90.000000000000     0.004999999888     0.000010000000     0.016532301903     1.000000000000    
   335.000000000000    25.000000000000     4.000000000000   500.000000000000     5.000000000000     4.000000000000    20.000000000000     4.000000000000  1000.000000000000     0.001000000047     3.000000000000    90.000000000000     0.004999999888     0.000010000000     0.014010768384     1.000000000000     0.036340955645
   335.000000000000    25.000000000000     6.000000000000   500.000000000000     5.000000000000     4.000000000000    20.000000000000     4.000000000000  1000.000000000000     0.001000000047     3.000000000000    90.000000000000     0.004999999888     0.000010000000     0.014684617519     1.000000000000    
   335.000000000000    25.000000000000     8.000000000000   500.000000000000     5.000000000000     4.000000000000    20.000000000000     4.000000000000  1000.000000000000     0.001000000047     3.000000000000    90.000000000000     0.004999999888     0.000010000000     0.015358462930     1.000000000000    
   335.000000000000    25.000000000000    10.000000000000   500.000000000000     5.000000000000     4.000000000000    20.000000000000     4.000000000000  1000.000000000000     0.001000000047     3.000000000000    90.000000000000     0.004999999888     0.000010000000     0.016032300889     1.000000000000    
   335.000000000000    25.000000000000     4.000000000000   500.000000000000     5.000000000000     5.000000000000    20.000000000000     4.000000000000  1000.000000000000     0.001000000047     3.000000000000    90.000000000000     0.004999999888     0.000010000000     0.013510771096     1.000000000000    
   335.000000000000    25.000000000000     6.000000000000   500.000000000000     5.000000000000     5.000000000000    20.000000000000     4.000000000000  1000.000000000000     0.001000000047     3.000000000000    90.000000000000     0.004999999888     0.000010000000     0.014184616506     1.000000000000     0.042631145567
   335.000000000000    25.000000000000     8.000000000000   500.000000000000     5.000000000000     5.000000000000    20.000000000000     4.000000000000  1000.000000000000     0.001000000047     3.000000000000    90.000000000000     0.004999999888     0.000010000000     0.014858461916     1.000000000000    
   335.000000000000    25.000000000000    10.000000000000   500.000000000000     5.000000000000     5.000000000000    20.000000000000     4.000000000000  1000.000000000000     0.001000000047     3.000000000000    90.000000000000     0.004999999888     0.000010000000     0.015532299876     1.000000000000    
   335.000000000000    25.000000000000     4.000000000000   500.000000000000     5.000000000000     6.000000000000    20.000000000000     4.000000000000  1000.000000000000     0.001000000047     3.000000000000    90.000000000000     0.004999999888     0.000010000000     0.013010770082     1.000000000000    
   335.000000000000    25.000000000000     6.000000000000   500.000000000000     5.000000000000     6.000000000000    20.000000000000     4.000000000000  1000.000000000000     0.001000000047     3.000000000000    90.000000000000     0.004999999888     0.000010000000     0.013684615493     1.000000000000    
   335.000000000000    25.000000000000     8.000000000000   500.000000000000     5.000000000000     6.000000000000    20.000000000000     4.000000000000  1000.000000000000     0.001000000047     3.000000000000    90.000000000000     0.004999999888     0.000010000000     0.014358460903     1.000000000000     0.103043973446
   335.000000000000    25.000000000000    10.000000000000   500.000000000000     5.000000000000     6.000000000000    20.000000000000     4.000000000000  1000.000000000000     0.001000000047     3.000000000000    90.000000000000     0.004999999888     0.000010000000     0.015032298863     1.000000000000    
   335.000000000000    25.000000000000     4.000000000000   500.000000000000     5.000000000000     4.000000000000    30.000000000000     4.000000000000  1000.000000000000     0.001000000047     3.000000000000    90.000000000000     0.004999999888     0.000010000000     0.017016153783     1.000000000000    
   335.000000000000    25.000000000000     6.000000000000   500.000000000000     5.000000000000     4.000000000000    30.000000000000     4.000000000000  1000.000000000000     0.001000000047     3.000000000000    90.000000000000     0.004999999888     0.000010000000     0.018026925623     1.000000000000    
   335.000000000000    25.000000000000     8.000000000000   500.000000000000     5.000000000000     4.000000000000    30.000000000000     4.000000000000  1000.000000000000     0.001000000047     3.000000000000    90.000000000000     0.004999999888     0.000010000000     0.019037686288     1.000000000000    
   335.000000000000    25.000000000000    10.000000000000   500.000000000000     5.000000000000     4.000000000000    30.000000000000     4.000000000000  1000.000000000000     0.001000000047     3.000000000000    90.000000000000     0.004999999888     0.000010000000     0.015048474073     1.000000000000     0.042249094695
   335.000000000000    25.000000000000     4.000000000000   500.000000000000     5.000000000000     5.000000000000    35.000000000000     4.000000000000  1000.000000000000     0.001000000047     3.000000000000    90.000000000000     0.004999999888     0.000010000000     0.018018845469     1.000000000000    
   335.000000000000    25.000000000000     6.000000000000   500.000000000000     5.000000000000     5.000000000000    35.000000000000     4.000000000000  1000.000000000000     0.001000000047     3.000000000000    90.000000000000     0.004999999888     0.000010000000     0.016698077321     1.000000000000    
   335.000000000000    25.000000000000     8.000000000000   500.000000000000     5.000000000000     5.000000000000    35.000000000000     4.000000000000  1000.000000000000     0.001000000047     3.000000000000    90.000000000000     0.004999999888     0.000010000000     0.020377323031     1.000000000000    
   335.000000000000    25.000000000000    10.000000000000   500.000000000000     5.000000000000     5.000000000000    35.000000000000     4.000000000000  1000.000000000000     0.001000000047     3.000000000000    90.000000000000     0.004999999888     0.000010000000     0.019056558609     1.000000000000    
   335.000000000000    25.000000000000     4.000000000000   500.000000000000     5.000000000000     6.000000000000    40.000000000000     4.000000000000  1000.000000000000     0.001000000047     3.000000000000    90.000000000000     0.004999999888     0.000010000000     0.019021540880     1.000000000000     0.012338655069
    25.000000000000    25.000000000000     4.000000000000   500.000000000000     5.000000000000     3.000000000000    20.000000000000     4.000000000000  1000.000000000000     0.001000000047     3.000000000000    90.000000000000     0.004999999888     0.000010000000    -0.027978463098     1.000000000000    
   310.000000000000    50.000000000000     4.000000000000   500.000000000000     5.000000000000     3.000000000000    20.000000000000     4.000000000000  1000.000000000000     0.001000000047     3.000000000000    90.000000000000     0.004999999888     0.000010000000     0.022747389972     1.000000000000    
    50.000000000000    50.000000000000     4.000000000000   500.000000000000     5.000000000000     3.000000000000    20.000000000000     4.000000000000  1000.000000000000     0.001000000047     3.000000000000    90.000000000000     0.004999999888     0.000010000000    -0.071505218744     1.000000000000    
   335.000000000000    25.000000000000     4.000000000000  1000.000000000000     5.000000000000     3.000000000000    20.000000000000     4.000000000000  1000.000000000000     0.001000000047     3.000000000000    90.000000000000     0.004999999888     0.000010000000     0.014510769397     1.000000000000    
    25.000000000000    25.000000000000     4.000000000000  1000.000000000000     5.000000000000     3.000000000000    20.000000000000     4.000000000000  1000.000000000000     0.001000000047     3.000000000000    90.000000000000     0.004999999888     0.000010000000    -0.027978463098     1.000000000000    
   310.000000000000    50.000000000000     4.000000000000  1000.000000000000     5.000000000000     3.000000000000    20.000000000000     4.000000000000  1000.000000000000     0.001000000047     3.000000000000    90.000000000000     0.004999999888     0.000010000000     0.022747389972     1.000000000000    
    50.000000000000    50.000000000000     4.000000000000  1000.000000000000     5.000000000000     3.000000000000    20.000000000000     4.000000000000  1000.000000000000     0.001000000047     3.000000000000    90.000000000000     0.004999999888     0.000010000000    -0.071505218744     1.000000000000    
   335.000000000000    25.000000000000     4.000000000000  1500.000000000000     5.000000000000     3.000000000000    20.000000000000     4.000000000000  1000.000000000000     0.001000000047     3.000000000000    90.000000000000     0.004999999888     0.000010000000     0.014510769397     1.000000000000    
    25.000000000000    25.000000000000     4.000000000000  1500.000000000000     5.000000000000     3.000000000000    20.000000000000     4.000000000000  1000.000000000000     0.001000000047     3.000000000000    90.000000000000     0.004999999888     0.000010000000    -0.027978463098     1.000000000000    
   310.000000000000    50.000000000000     4.000000000000  1500.000000000000     5.000000000000     3.000000000000    20.000000000000     4.000000000000  1000.000000000000     0.001000000047     3.000000000000    90.000000000000     0.004999999888     0.000010000000     0.022747389972     1.000000000000    
    50.000000000000    50.000000000000     4.000000000000  1500.000000000000     5.000000000000     3.000000000000    20.000000000000     4.000000000000  1000.000000000000     0.001000000047     3.000000000000    90.000000000000     0.004999999888     0.000010000000    -0.071505218744     1.000000000000    
   335.000000000000    25.000000000000     4.000000000000  2000.000000000000     5.000000000000     3.000000000000    20.000000000000     4.000000000000  1000.000000000000     0.001000000047     3.000000000000    90.000000000000     0.004999999888     0.000010000000     0.014510769397     1.000000000000    
    25.000000000000    25.000000000000     4.000000000000  2000.000000000000     5.000000000000     3.000000000000    20.000000000000     4.000000000000  1000.000000000000     0.001000000047     3.000000000000    90.000000000000     0.004999999888     0.000010000000    -0.027978463098     1.000000000000    
   310.000000000000    50.000000000000     4.000000000000  2000.000000000000     5.000000000000     3.000000000000    20.000000000000     4.000000000000  1000.000000000000     0.001000000047     3.000000000000    90.000000000000     0.004999999888     0.000010000000     0.022747389972     1.000000000000    
    50.000000000000    50.000000000000     4.000000000000  2000.000000000000     5.000000000000     3.000000000000    20.000000000000     4.000000000000  1000.000000000000     0.001000000047     3.000000000000    90.000000000000     0.004999999888     0.000010000000    -0.071505218744     1.000000000000    
   335.000000000000    25.000000000000     4.000000000000   500.000000000000    10.000000000000     3.000000000000    20.000000000000     4.000000000000  1000.000000000000     0.001000000047     3.000000000000    90.000000000000     0.004999999888     0.000010000000     0.014510769397     1.000000000000    
    25.000000000000    25.000000000000     4.000000000000   500.000000000000    10.000000000000     3.000000000000    20.000000000000     4.000000000000  1000.000000000000     0.001000000047     3.000000000000    90.000000000000     0.004999999888     0.000010000000    -0.027978463098     1.000000000000    
   310.000000000000    50.000000000000     4.000000000000   500.000000000000    10.000000000000     3.000000000000    20.000000000000     4.000000000000  1000.000000000000     0.001000000047     3.000000000000    90.000000000000     0.004999999888     0.000010000000     0.022747389972     1.000000000000    
    50.000000000000    50.000000000000     4.000000000000   500.000000000000    10.000000000000     3.000000000000    20.000000000000     4.000000000000  1000.000000000000     0.001000000047     3.000000000000    90.000000000000     0.004999999888     0.000010000000    -0.071505218744     1.000000000000    
   335.000000000000    25.000000000000     4.000000000000  1000.000000000000    10.000000000000     3.000000000000    20.000000000000     4.000000000000  1000.000000000000     0.001000000047     3.000000000000    90.000000000000     0.004999999888     0.000010000000     0.014510769397     1.000000000000    
    25.000000000000    25.000000000000     4.000000000000  1000.000000000000    10.000000000000     3.000000000000    20.000000000000     4.000000000000  1000.000000000000     0.001000000047     3.000000000000    90.000000000000     0.004999999888     0.000010000000    -0.027978463098     1.000000000000    
   310.000000000000    50.000000000000     4.000000000000  1000.000000000000    10.000000000000     3.000000000000    20.000000000000     4.000000000000  1000.000000000000     0.001000000047     3.000000000000    90.000000000000     0.004999999888     0.000010000000     0.022747389972     1.000000000000    
    50.000000000000    50.000000000000     4.000000000000  1000.000000000000    10.000000000000     3.000000000000    20.000000000000     4.000000000000  1000.000000000000     0.001000000047     3.000000000000    90.000000000000     0.004999999888     0.000010000000    -0.071505218744     1.000000000000    
   335.000000000000    25.000000000000     4.000000000000  1500.000000000000    10.000000000000     3.000000000000    20.000000000000     4.000000000000  1000.000000000000     0.001000000047     3.000000000000    90.000000000000     0.004999999888     0.000010000000     0.014510769397     1.000000000000    
    25.000000000000    25.000000000000     4.000000000000  1500.000000000000    10.000000000000     3.000000000000    20.000000000000     4.000000000000  1000.000000000000     0.001000000047     3.000000000000    90.000000000000     0.004999999888     0.000010000000    -0.027978463098     1.000000000000    
   310.000000000000    50.000000000000     4.000000000000  1500.000000000000    10.000000000000     3.000000000000    20.000000000000     4.000000000000  1000.000000000000     0.001000000047     3.000000000000    90.000000000000     0.004999999888     0.000010000000     0.022747389972     1.000000000000    
    50.000000000000    50.000000000000     4.000000000000  1500.000000000000    10.000000000000     3.000000000000    20.000000000000     4.000000000000  1000.000000000000     0.001000000047     3.000000000000    90.000000000000     0.004999999888     0.000010000000    -0.071505218744     1.000000000000    
   335.000000000000    25.000000000000     4.000000000000  2000.000000000000    10.000000000000     3.000000000000    20.000000000000     4.000000000000  1000.000000000000     0.001000000047     3.000000000000    90.000000000000     0.004999999888     0.000010000000     0.014510769397     1.000000000000    
    25.000000000000    25.000000000000     4.000000000000  2000.000000000000    10.000000000000     3.000000000000    20.000000000000     4.000000000000  1000.000000000000     0.001000000047     3.000000000000    90.000000000000     0.004999999888     0.000010000000    -0.027978463098     1.000000000000    
   310.000000000000    50.000000000000     4.000000000000  2000.000000000000    10.000000000000     3.000000000000    20.000000000000     4.000000000000  1000.000000000000     0.001000000047     3.000000000000    90.000000000000     0.004999999888     0.000010000000     0.022747389972     1.000000000000    
    50.000000000000    50.000000000000     4.000000000000  2000.000000000000    10.000000000000     3.000000000000    20.000000000000     4.000000000000  1000.000000000000     0.001000000047     3.000000000000    90.000000000000     0.004999999888     0.000010000000    -0.071505218744     1.000000000000    
   335.000000000000    25.000000000000     4.000000000000   500.000000000000    15.000000000000     3.000000000000    20.000000000000     4.000000000000  1000.000000000000     0.001000000047     3.000000000000    90.000000000000     0.004999999888     0.000010000000     0.014510769397     1.000000000000    
    25.000000000000    25.000000000000     4.000000000000   500.000000000000    15.000000000000     3.000000000000    20.000000000000     4.000000000000  1000.000000000000     0.001000000047     3.000000000000    90.000000000000     0.004999999888     0.000010000000    -0.027978463098     1.000000000000    
   310.000000000000    50.000000000000     4.000000000000   500.000000000000    15.000000000000     3.000000000000    20.000000000000     4.000000000000  1000.000000000000     0.001000000047     3.000000000000    90.000000000000     0.004999999888     0.000010000000     0.022747389972     1.000000000000    
    50.000000000000    50.000000000000     4.000000000000   500.000000000000    15.000000000000     3.000000000000    20.000000000000     4.000000000000  1000.000000000000     0.001000000047     3.000000000000    90.000000000000     0.004999999888     0.000010000000    -0.071505218744     1.000000000000    
   335.000000000000    25.000000000000     4.000000000000  1000.000000000000    15.000000000000     3.000000000000    20.000000000000     4.000000000000  1000.000000000000     0.001000000047     3.000000000000    90.000000000000     0.004999999888     0.000010000000     0.014510769397     1.000000000000    
    25.000000000000    25.000000000000     4.000000000000  1000.000000000000    15.000000000000     3.000000000000    20.000000000000     4.000000000000  1000.000000000000     0.001000000047     3.000000000000    90.000000000000     0.004999999888     0.000010000000    -0.027978463098     1.000000000000    
   310.000000000000    50.000000000000     4.000000000000  1000.000000000000    15.000000000000     3.000000000000    20.000000000000     4.000000000000  1000.000000000000     0.001000000047     3.000000000000    90.000000000000     0.004999999888     0.000010000000     0.022747389972     1.000000000000    
    50.000000000000    50.000000000000     4.000000000000  1000.000000000000    15.000000000000     3.000000000000    20.000000000000     4.000000000000  1000.000000000000     0.001000000047     3.000000000000    90.000000000000     0.004999999888     0.000010000000    -0.071505218744     1.000000000000    
   335.000000000000    25.000000000000     4.000000000000  1500.000000000000    15.000000000000     3.000000000000    20.000000000000     4.000000000000  1000.000000000000     0.001000000047     3.000000000000    90.000000000000     0.004999999888     0.000010000000     0.014510769397     1.000000000000    
    25.000000000000    25.000000000000     4.000000000000  1500.000000000000    15.000000000000     3.000000000000    20.000000000000     4.000000000000  1000.000000000000     0.001000000047     3.000000000000    90.000000000000     0.004999999888     0.000010000000    -0.027978463098     1.000000000000    
   310.000000000000    50.000000000000     4.000000000000  1500.000000000000    15.000000000000     3.000000000000    20.000000000000     4.000000000000  1000.000000000000     0.001000000047     3.000000000000    90.000000000000     0.004999999888     0.000010000000     0.022747389972     1.000000000000    
    50.000000000000    50.000000000000     4.000000000000  1500.000000000000    15.000000000000     3.000000000000    20.000000000000     4.000000000000  1000.000000000000     0.001000000047     3.000000000000    90.000000000000     0.004999999888     0.000010000000    -0.071505218744     1.000000000000    
   335.000000000000    25.000000000000     4.000000000000  2000.000000000000    15.000000000000     3.000000000000    20.000000000000     4.000000000000  1000.000000000000     0.001000000047     3.000000000000    90.000000000000     0.004999999888     0.000010000000     0.014510769397     1.000000000000    
    25.000000000000    25.000000000000     4.000000000000  2000.000000000000    15.000000000000     3.000000000000    20.000000000000     4.000000000000  1000.000000000000     0.001000000047     3.000000000000    90.000000000000     0.004999999888     0.000010000000    -0.027978463098     1.000000000000    
   310.000000000000    50.000000000000     4.000000000000  2000.000000000000    15.000000000000     3.000000000000    20.000000000000     4.000000000000  1000.000000000000     0.001000000047     3.000000000000    90.000000000000     0.004999999888     0.000010000000     0.022747389972     1.000000000000    
    50.000000000000    50.000000000000     4.000000000000  2000.000000000000    15.000000000000     3.000000000000    20.000000000000     4.000000000000  1000.000000000000     0.001000000047     3.000000000000    90.000000000000     0.004999999888     0.000010000000    -0.071505218744     1.000000000000    
   335.000000000000    25.000000000000     4.000000000000   500.000000000000    20.000000000000     3.000000000000    20.000000000000     4.000000000000  1000.000000000000     0.001000000047     3.000000000000    90.000000000000     0.004999999888     0.000010000000     0.014510769397     1.000000000000    
    25.000000000000    25.000000000000     4.000000000000   500.000000000000    20.000000000000     3.000000000000    20.000000000000     4.000000000000  1000.000000000000     0.001000000047     3.000000000000    90.000000000000     0.004999999888     0.000010000000    -0.027978463098     1.000000000000    
   310.000000000000    50.000000000000     4.000000000000   500.000000000000    20.000000000000     3.000000000000    20.000000000000     4.000000000000  1000.000000000000     0.001000000047     3.000000000000    90.000000000000     0.004999999888     0.000010000000     0.022747389972     1.000000000000    
    50.000000000000    50.000000000000     4.000000000000   500.000000000000    20.000000000000     3.000000000000    20.000000000000     4.000000000000  1000.000000000000     0.001000000047     3.000000000000    90.000000000000     0.004999999888     0.000010000000    -0.071505218744     1.000000000000    
   335.000000000000    25.000000000000     4.000000000000  1000.000000000000    20.000000000000     3.000000000000    20.000000000000     4.000000000000  1000.000000000000     0.001000000047     3.000000000000    90.000000000000     0.004999999888     0.000010000000     0.014510769397     1.000000000000    
    25.000000000000    25.000000000000     4.000000000000  1000.000000000000    20.000000000000     3.000000000000    20.000000000000     4.000000000000  1000.000000000000     0.001000000047     3.000000000000    90.000000000000     0.004999999888     0.000010000000    -0.027978463098     1.000000000000    
   310.000000000000    50.000000000000     4.000000000000  1000.000000000000    20.000000000000     3.000000000000    20.000000000000     4.000000000000  1000.000000000000     0.001000000047     3.000000000000    90.000000000000     0.004999999888     0.000010000000     0.022747389972     1.000000000000    
    50.000000000000    50.000000000000     4.000000000000  1000.000000000000    20.000000000000     3.000000000000    20.000000000000     4.000000000000  1000.000000000000     0.001000000047     3.000000000000    90.000000000000     0.004999999888     0.000010000000    -0.071505218744     1.000000000000    
   335.000000000000    25.000000000000     4.000000000000  1500.000000000000    20.000000000000     3.000000000000    20.000000000000     4.000000000000  1000.000000000000     0.001000000047     3.000000000000    90.000000000000     0.004999999888     0.000010000000     0.014510769397     1.000000000000    
    25.000000000000    25.000000000000     4.000000000000  1500.000000000000    20.000000000000     3.000000000000    20.000000000000     4.000000000000  1000.000000000000     0.001000000047     3.000000000000    90.000000000000     0.004999999888     0.000010000000    -0.027978463098     1.000000000000    
   310.000000000000    50.000000000000     4.000000000000  1500.000000000000    20.000000000000     3.000000000000    20.000000000000     4.000000000000  1000.000000000000     0.001000000047     3.000000000000    90.000000000000     0.004999999888     0.000010000000     0.022747389972     1.000000000000    
    50.000000000000    50.000000000000     4.000000000000  1500.000000000000    20.000000000000     3.000000000000    20.000000000000     4.000000000000  1000.000000000000     0.001000000047     3.000000000000    90.000000000000     0.004999999888     0.000010000000    -0.071505218744     1.000000000000    
   335.000000000000    25.000000000000     4.000000000000  2000.000000000000    20.000000000000     3.000000000000    20.000000000000     4.000000000000  1000.000000000000     0.001000000047     3.000000000000    90.000000000000     0.004999999888     0.000010000000     0.014510769397     1.000000000000    
    25.000000000000    25.000000000000     4.000000000000  2000.000000000000    20.000000000000     3.000000000000    20.000000000000     4.000000000000  1000.000000000000     0.001000000047     3.000000000000    90.000000000000     0.004999999888     0.000010000000    -0.027978463098     1.000000000000    
   310.000000000000    50.000000000000     4.000000000000  2000.000000000000    20.000000000000     3.000000000000    20.000000000000     4.000000000000  1000.000000000000     0.001000000047     3.000000000000    90.000000000000     0.004999999888     0.000010000000     0.022747389972     1.000000000000    
    50.000000000000    50.000000000000     4.000000000000  2000.000000000000    20.000000000000     3.000000000000    20.000000000000     4.000000000000  1000.000000000000     0.001000000047     3.000000000000    90.000000000000     0.004999999888     0.000010000000    -0.071505218744     1.000000000000    
