 absolute angle of inclination | angle of inclination | number of electrodes | voltage magnitude | voltage frequency | electrode dimension | x pitch | number of phases | grain mass density |  mesh size | gravity | phase shift | maximum classified radius | distance between dust generation and first electrode | yield 
     THETA        theta       n      phi         f     dimension     xpitch   phases mass density       h             g      phase shift    max radius dust distance       yield
    345.00000     15.00000    10   1000.00000    10      2.00000     20.00000     4   2650.00000      0.00100      9.81000     90.00000      0.00001 9.884569793940E-03 3.052141368389E-01
    345.00000     15.00000    10   1000.00000    10      3.00000     20.00000     4   2650.00000      0.00100      9.81000     90.00000      0.00001 9.384568780661E-03 4.289734363556E-01
    345.00000     15.00000    10   1000.00000    10      4.00000     20.00000     4   2650.00000      0.00100      9.81000     90.00000      0.00001 8.884567767382E-03 4.077714383602E-01
    345.00000     15.00000    10   1000.00000    10      4.00000     30.00000     4   2650.00000      0.00100      9.81000     90.00000      0.00001 1.182685792446E-02 8.985744118690E-01
    345.00000     15.00000    10   1000.00000    10      3.00000     25.00000     4   2650.00000      0.00100      9.81000     90.00000      0.00001 8.355714380741E-03 2.365922480822E-01
    345.00000     15.00000    10    950.00000    10      2.00000     20.00000     4   2650.00000      0.00100      9.81000     90.00000      0.00001 9.884569793940E-03 3.421855866909E-01
    345.00000     15.00000    10    950.00000    10      3.00000     20.00000     4   2650.00000      0.00100      9.81000     90.00000      0.00001 9.384568780661E-03 2.467955499887E-01
    345.00000     15.00000    10    950.00000    10      4.00000     20.00000     4   2650.00000      0.00100      9.81000     90.00000      0.00001 8.884567767382E-03 3.522607982159E-01
    345.00000     15.00000    10    950.00000    10      4.00000     30.00000     4   2650.00000      0.00100      9.81000     90.00000      0.00001 1.182685792446E-02 7.162125110626E-01
    345.00000     15.00000    10    950.00000    10      3.00000     25.00000     4   2650.00000      0.00100      9.81000     90.00000      0.00001 8.355714380741E-03 1.864532679319E-01
    345.00000     15.00000    10    900.00000    10      2.00000     20.00000     4   2650.00000      0.00100      9.81000     90.00000      0.00001 9.884569793940E-03 2.738037705421E-01
    345.00000     15.00000    10    900.00000    10      3.00000     20.00000     4   2650.00000      0.00100      9.81000     90.00000      0.00001 9.384568780661E-03 1.946538835764E-01
    345.00000     15.00000    10    900.00000    10      4.00000     20.00000     4   2650.00000      0.00100      9.81000     90.00000      0.00001 8.884567767382E-03 2.769062519073E-01
    345.00000     15.00000    10    900.00000    10      3.00000     25.00000     4   2650.00000      0.00100      9.81000     90.00000      0.00001 8.355714380741E-03 5.890256166458E-01
    345.00000     15.00000    10    900.00000    10      4.00000     30.00000     4   2650.00000      0.00100      9.81000     90.00000      0.00001 1.182685792446E-02 2.229785770178E-01
    345.00000     15.00000    10    850.00000    10      2.00000     20.00000     4   2650.00000      0.00100      9.81000     90.00000      0.00001 9.884569793940E-03 2.206456474960E-02
    345.00000     15.00000    10    850.00000    10      3.00000     20.00000     4   2650.00000      0.00100      9.81000     90.00000      0.00001 9.384568780661E-03 1.504025161266E-01
    345.00000     15.00000    10    850.00000    10      4.00000     20.00000     4   2650.00000      0.00100      9.81000     90.00000      0.00001 8.884567767382E-03 2.130938023329E-01
    345.00000     15.00000    10    850.00000    10      3.00000     25.00000     4   2650.00000      0.00100      9.81000     90.00000      0.00001 8.355714380741E-03 4.650864601135E-01
    345.00000     15.00000    10    850.00000    10      4.00000     30.00000     4   2650.00000      0.00100      9.81000     90.00000      0.00001 1.182685792446E-02 1.687768548727E-01
    345.00000     15.00000    10    800.00000    10      2.00000     20.00000     4   2650.00000      0.00100      9.81000     90.00000      0.00001 9.884569793940E-03 1.180162802339E-01
    345.00000     15.00000    10    800.00000    10      3.00000     20.00000     4   2650.00000      0.00100      9.81000     90.00000      0.00001 9.384568780661E-03 1.181008815765E-01
    345.00000     15.00000    10    800.00000    10      4.00000     20.00000     4   2650.00000      0.00100      9.81000     90.00000      0.00001 8.884567767382E-03 1.639268249273E-01
    345.00000     15.00000    10    800.00000    10      3.00000     25.00000     4   2650.00000      0.00100      9.81000     90.00000      0.00001 8.355714380741E-03 3.534623086452E-01
    345.00000     15.00000    10    800.00000    10      4.00000     30.00000     4   2650.00000      0.00100      9.81000     90.00000      0.00001 1.182685792446E-02 1.297143548727E-01
    345.00000     15.00000    10    750.00000    10      2.00000     20.00000     4   2650.00000      0.00100      9.81000     90.00000      0.00001 9.884569793940E-03 8.553310483694E-02
    345.00000     15.00000    10    750.00000    10      3.00000     20.00000     4   2650.00000      0.00100      9.81000     90.00000      0.00001 9.384568780661E-03 8.104268461466E-02
    345.00000     15.00000    10    750.00000    10      4.00000     20.00000     4   2650.00000      0.00100      9.81000     90.00000      0.00001 8.884567767382E-03 1.203729584813E-01
    345.00000     15.00000    10    750.00000    10      3.00000     25.00000     4   2650.00000      0.00100      9.81000     90.00000      0.00001 8.355714380741E-03 2.734519243240E-01
    345.00000     15.00000    10    750.00000    10      4.00000     30.00000     4   2650.00000      0.00100      9.81000     90.00000      0.00001 1.182685792446E-02 9.780873358250E-02
    345.00000     15.00000    10    700.00000    10      2.00000     20.00000     4   2650.00000      0.00100      9.81000     90.00000      0.00001 9.884569793940E-03 6.443273276091E-02
    345.00000     15.00000    10    700.00000    10      3.00000     20.00000     4   2650.00000      0.00100      9.81000     90.00000      0.00001 9.384568780661E-03 6.357426941395E-02
    345.00000     15.00000    10    700.00000    10      4.00000     20.00000     4   2650.00000      0.00100      9.81000     90.00000      0.00001 8.884567767382E-03 8.791127800941E-02
    345.00000     15.00000    10   2000.00000    10      2.00000     20.00000     4   2650.00000      0.00100      9.81000     90.00000      0.00001 9.884569793940E-03 5.299066543579E+00
    345.00000     15.00000    10   2000.00000    10      3.00000     20.00000     4   2650.00000      0.00100      9.81000     90.00000      0.00001 9.384568780661E-03 5.258372783661E+00
    345.00000     15.00000    10   2000.00000    10      4.00000     20.00000     4   2650.00000      0.00100      9.81000     90.00000      0.00001 8.884567767382E-03 6.993709564209E+00
    345.00000     15.00000    10   2000.00000    10      3.00000     25.00000     4   2650.00000      0.00100      9.81000     90.00000      0.00001 8.355714380741E-03 1.406482887268E+01
    345.00000     15.00000    10   2000.00000    10      4.00000     30.00000     4   2650.00000      0.00100      9.81000     90.00000      0.00001 1.182685792446E-02 5.218287467957E+00
    345.00000     15.00000    10   1950.00000    10      2.00000     20.00000     4   2650.00000      0.00100      9.81000     90.00000      0.00001 9.884569793940E-03 4.159461021423E+00
    345.00000     15.00000    10   1950.00000    10      3.00000     20.00000     4   2650.00000      0.00100      9.81000     90.00000      0.00001 9.384568780661E-03 4.780239582062E+00
    345.00000     15.00000    10   1950.00000    10      4.00000     20.00000     4   2650.00000      0.00100      9.81000     90.00000      0.00001 8.884567767382E-03 6.420620918274E+00
    345.00000     15.00000    10   1950.00000    10      3.00000     25.00000     4   2650.00000      0.00100      9.81000     90.00000      0.00001 8.355714380741E-03 1.271882057190E+01
    345.00000     15.00000    10   1950.00000    10      4.00000     30.00000     4   2650.00000      0.00100      9.81000     90.00000      0.00001 1.182685792446E-02 5.205070495605E+00
    330.00000     30.00000    10   1000.00000    10      2.00000     20.00000     4   2650.00000      0.00100      9.81000     90.00000      0.00001 1.203846931458E-02 7.139420509338E+00
    330.00000     30.00000    10   1000.00000    10      3.00000     20.00000     4   2650.00000      0.00100      9.81000     90.00000      0.00001 1.153846830130E-02 5.135207772255E-01
    330.00000     30.00000    10   1000.00000    10      4.00000     20.00000     4   2650.00000      0.00100      9.81000     90.00000      0.00001 1.103846728802E-02 7.403265833855E-01
    330.00000     30.00000    10   1000.00000    10      3.00000     25.00000     4   2650.00000      0.00100      9.81000     90.00000      0.00001 1.354809105396E-02 1.166545271873E+00
    330.00000     30.00000    10   1000.00000    10      4.00000     30.00000     4   2650.00000      0.00100      9.81000     90.00000      0.00001 1.505771279335E-02 5.459542274475E-01
    330.00000     30.00000    10    950.00000    10      2.00000     20.00000     4   2650.00000      0.00100      9.81000     90.00000      0.00001 1.203846931458E-02 4.924087822437E-01
    330.00000     30.00000    10    950.00000    10      3.00000     20.00000     4   2650.00000      0.00100      9.81000     90.00000      0.00001 1.153846830130E-02 4.259243905544E-01
    330.00000     30.00000    10    950.00000    10      4.00000     20.00000     4   2650.00000      0.00100      9.81000     90.00000      0.00001 1.103846728802E-02 5.893736481667E-01
    330.00000     30.00000    10    950.00000    10      3.00000     25.00000     4   2650.00000      0.00100      9.81000     90.00000      0.00001 1.354809105396E-02 9.555613994598E-01
    330.00000     30.00000    10    950.00000    10      4.00000     30.00000     4   2650.00000      0.00100      9.81000     90.00000      0.00001 1.505771279335E-02 4.448830187321E-01
    330.00000     30.00000    10    900.00000    10      2.00000     20.00000     4   2650.00000      0.00100      9.81000     90.00000      0.00001 1.203846931458E-02 3.996734023094E-01
    330.00000     30.00000    10    900.00000    10      3.00000     20.00000     4   2650.00000      0.00100      9.81000     90.00000      0.00001 1.153846830130E-02 3.333271741867E-01
    330.00000     30.00000    10    900.00000    10      4.00000     20.00000     4   2650.00000      0.00100      9.81000     90.00000      0.00001 1.103846728802E-02 4.745234549046E-01
    330.00000     30.00000    10    900.00000    10      3.00000     25.00000     4   2650.00000      0.00100      9.81000     90.00000      0.00001 1.354809105396E-02 7.518790960312E-01
    330.00000     30.00000    10   2000.00000    10      2.00000     20.00000     4   2650.00000      0.00100      9.81000     90.00000      0.00001 1.203846931458E-02 7.139420509338E+00
    330.00000     30.00000    10   2000.00000    10      3.00000     20.00000     4   2650.00000      0.00100      9.81000     90.00000      0.00001 1.153846830130E-02 8.750458717346E+00
    330.00000     30.00000    10   2000.00000    10      4.00000     20.00000     4   2650.00000      0.00100      9.81000     90.00000      0.00001 1.103846728802E-02 1.171172046661E+01
    330.00000     30.00000    10   2000.00000    10      3.00000     25.00000     4   2650.00000      0.00100      9.81000     90.00000      0.00001 1.354809105396E-02 7.836999893188E+00
    330.00000     30.00000    10   2000.00000    10      4.00000     30.00000     4   2650.00000      0.00100      9.81000     90.00000      0.00001 1.505771279335E-02 1.806547164917E+01
    330.00000     30.00000    10   1950.00000    10      2.00000     20.00000     4   2650.00000      0.00100      9.81000     90.00000      0.00001 1.203846931458E-02 8.175524711609E+00
    330.00000     30.00000    10   1950.00000    10      3.00000     20.00000     4   2650.00000      0.00100      9.81000     90.00000      0.00001 1.153846830130E-02 9.080411911011E+00
    330.00000     30.00000    10   1950.00000    10      4.00000     20.00000     4   2650.00000      0.00100      9.81000     90.00000      0.00001 1.103846728802E-02 1.071001338959E+01
    330.00000     30.00000    10   1950.00000    10      3.00000     25.00000     4   2650.00000      0.00100      9.81000     90.00000      0.00001 1.354809105396E-02 1.674015808105E+01
    330.00000     30.00000    10   1950.00000    10      4.00000     30.00000     4   2650.00000      0.00100      9.81000     90.00000      0.00001 1.505771279335E-02 8.257476806641E+00
    330.00000     30.00000    10   1900.00000    10      2.00000     20.00000     4   2650.00000      0.00100      9.81000     90.00000      0.00001 1.203846931458E-02 7.417154788971E+00
    360.00000      0.00000    10   2000.00000    10      2.00000     20.00000     4   2650.00000      0.00100      9.81000     90.00000      0.00001 3.999999724329E-03 5.713957827538E-03
    360.00000      0.00000    10   2000.00000    10      3.00000     20.00000     4   2650.00000      0.00100      9.81000     90.00000      0.00001 3.499999875203E-03 6.207881961018E-03
