 
   335.000000000000    25.000000000000     4.000000000000   500.000000000000     5.000000000000     6.000000000000    40.000000000000     4.000000000000  4000.000000000000     0.001000000047     6.000000000000    90.000000000000     0.004999999888     0.000010000000     0.019021540880     1.000000000000     0.014028518461
   335.000000000000    25.000000000000     6.000000000000   500.000000000000     5.000000000000     6.000000000000    40.000000000000     4.000000000000  4000.000000000000     0.001000000047     6.000000000000    90.000000000000     0.004999999888     0.000010000000     0.020369224250     1.000000000000     0.387195199728
    25.000000000000    25.000000000000     4.000000000000   500.000000000000     5.000000000000     6.000000000000    40.000000000000     4.000000000000  4000.000000000000     0.001000000047     6.000000000000    90.000000000000     0.004999999888     0.000010000000    -0.055956926197     1.000000000000     0.000009488156
    25.000000000000    25.000000000000     6.000000000000   500.000000000000     5.000000000000     6.000000000000    40.000000000000     4.000000000000  4000.000000000000     0.001000000047     6.000000000000    90.000000000000     0.004999999888     0.000010000000    -0.093261539936     1.000000000000     0.000014313224
    25.000000000000    25.000000000000     8.000000000000   500.000000000000     5.000000000000     6.000000000000    40.000000000000     4.000000000000  4000.000000000000     0.001000000047     6.000000000000    90.000000000000     0.004999999888     0.000010000000    -0.130566149950     1.000000000000     0.000040744304
   310.000000000000    50.000000000000     4.000000000000   500.000000000000     5.000000000000     6.000000000000    40.000000000000     4.000000000000  4000.000000000000     0.001000000047     6.000000000000    90.000000000000     0.004999999888     0.000010000000     0.035494774580     1.000000000000     0.221078783274
   335.000000000000    25.000000000000     4.000000000000  1000.000000000000     5.000000000000     6.000000000000    40.000000000000     4.000000000000  4000.000000000000     0.001000000047     6.000000000000    90.000000000000     0.004999999888     0.000010000000     0.019021540880     1.000000000000     6.415613174438
   335.000000000000    25.000000000000     6.000000000000  1000.000000000000     5.000000000000     6.000000000000    40.000000000000     4.000000000000  4000.000000000000     0.001000000047     6.000000000000    90.000000000000     0.004999999888     0.000010000000     0.020369224250     1.000000000000     6.437643527985
    25.000000000000    25.000000000000     4.000000000000  1000.000000000000     5.000000000000     6.000000000000    40.000000000000     4.000000000000  4000.000000000000     0.001000000047     6.000000000000    90.000000000000     0.004999999888     0.000010000000    -0.055956926197     1.000000000000     0.146024569869
    25.000000000000    25.000000000000     6.000000000000  1000.000000000000     5.000000000000     6.000000000000    40.000000000000     4.000000000000  4000.000000000000     0.001000000047     6.000000000000    90.000000000000     0.004999999888     0.000010000000    -0.093261539936     1.000000000000     0.003803248284
    50.000000000000    50.000000000000     4.000000000000  1500.000000000000     5.000000000000     6.000000000000    40.000000000000     4.000000000000  4000.000000000000     0.001000000047     6.000000000000    90.000000000000     0.004999999888     0.000010000000    -0.143010437489     1.000000000000     0.004006356467
    50.000000000000    50.000000000000     6.000000000000  1500.000000000000     5.000000000000     6.000000000000    40.000000000000     4.000000000000  4000.000000000000     0.001000000047     6.000000000000    90.000000000000     0.004999999888     0.000010000000    -0.238350704312     1.000000000000     0.005102157127
    50.000000000000    50.000000000000     8.000000000000  1500.000000000000     5.000000000000     6.000000000000    40.000000000000     4.000000000000  4000.000000000000     0.001000000047     6.000000000000    90.000000000000     0.004999999888     0.000010000000    -0.333691030741     1.000000000000     0.004340152722
   335.000000000000    25.000000000000     4.000000000000  2000.000000000000     5.000000000000     6.000000000000    40.000000000000     4.000000000000  4000.000000000000     0.001000000047     6.000000000000    90.000000000000     0.004999999888     0.000010000000     0.019021540880     1.000000000000     2.490844964981
    25.000000000000    25.000000000000     4.000000000000  2000.000000000000     5.000000000000     6.000000000000    40.000000000000     4.000000000000  4000.000000000000     0.001000000047     6.000000000000    90.000000000000     0.004999999888     0.000010000000    -0.055956926197     1.000000000000     0.000000000000
    25.000000000000    25.000000000000     6.000000000000  2000.000000000000     5.000000000000     6.000000000000    40.000000000000     4.000000000000  4000.000000000000     0.001000000047     6.000000000000    90.000000000000     0.004999999888     0.000010000000    -0.093261539936     1.000000000000     0.066777661443
    25.000000000000    25.000000000000     8.000000000000  2000.000000000000     5.000000000000     6.000000000000    40.000000000000     4.000000000000  4000.000000000000     0.001000000047     6.000000000000    90.000000000000     0.004999999888     0.000010000000    -0.130566149950     1.000000000000     0.022026684135
    25.000000000000    25.000000000000    10.000000000000  2000.000000000000     5.000000000000     6.000000000000    40.000000000000     4.000000000000  4000.000000000000     0.001000000047     6.000000000000    90.000000000000     0.004999999888     0.000010000000    -0.167870789766     1.000000000000     0.021540965885
   335.000000000000    25.000000000000     4.000000000000   500.000000000000    10.000000000000     6.000000000000    40.000000000000     4.000000000000  4000.000000000000     0.001000000047     6.000000000000    90.000000000000     0.004999999888     0.000010000000     0.019021540880     1.000000000000     0.618710815907
   310.000000000000    50.000000000000     4.000000000000   500.000000000000    10.000000000000     6.000000000000    40.000000000000     4.000000000000  4000.000000000000     0.001000000047     6.000000000000    90.000000000000     0.004999999888     0.000010000000     0.035494774580     1.000000000000     0.342802941799
   335.000000000000    25.000000000000     4.000000000000  1000.000000000000    10.000000000000     6.000000000000    40.000000000000     4.000000000000  4000.000000000000     0.001000000047     6.000000000000    90.000000000000     0.004999999888     0.000010000000     0.019021540880     1.000000000000     2.553115367889
    25.000000000000    25.000000000000     4.000000000000  1000.000000000000    10.000000000000     6.000000000000    40.000000000000     4.000000000000  4000.000000000000     0.001000000047     6.000000000000    90.000000000000     0.004999999888     0.000010000000    -0.055956926197     1.000000000000     0.000788464095
    25.000000000000    25.000000000000     6.000000000000  1000.000000000000    10.000000000000     6.000000000000    40.000000000000     4.000000000000  4000.000000000000     0.001000000047     6.000000000000    90.000000000000     0.004999999888     0.000010000000    -0.093261539936     1.000000000000     0.000687755062
    25.000000000000    25.000000000000     8.000000000000  1000.000000000000    10.000000000000     6.000000000000    40.000000000000     4.000000000000  4000.000000000000     0.001000000047     6.000000000000    90.000000000000     0.004999999888     0.000010000000    -0.130566149950     1.000000000000     0.000546169002
    25.000000000000    25.000000000000    10.000000000000  1000.000000000000    10.000000000000     6.000000000000    40.000000000000     4.000000000000  4000.000000000000     0.001000000047     6.000000000000    90.000000000000     0.004999999888     0.000010000000    -0.167870789766     1.000000000000     0.000705220504
    25.000000000000    25.000000000000     4.000000000000  1000.000000000000    10.000000000000     3.000000000000    20.000000000000     4.000000000000  1000.000000000000     0.001000000047     9.000000000000    90.000000000000     0.004999999888     0.000010000000    -0.027978463098     1.000000000000     0.000606483605
    25.000000000000    25.000000000000     6.000000000000  1000.000000000000    10.000000000000     3.000000000000    20.000000000000     4.000000000000  1000.000000000000     0.001000000047     9.000000000000    90.000000000000     0.004999999888     0.000010000000    -0.046630769968     1.000000000000     0.000812721148
    25.000000000000    25.000000000000     8.000000000000  1000.000000000000    10.000000000000     3.000000000000    20.000000000000     4.000000000000  1000.000000000000     0.001000000047     9.000000000000    90.000000000000     0.004999999888     0.000010000000    -0.065283074975     1.000000000000     0.000818196509
    25.000000000000    25.000000000000    10.000000000000  1000.000000000000    10.000000000000     3.000000000000    20.000000000000     4.000000000000  1000.000000000000     0.001000000047     9.000000000000    90.000000000000     0.004999999888     0.000010000000    -0.083935394883     1.000000000000     0.000789118872
    25.000000000000    25.000000000000     4.000000000000  1000.000000000000    10.000000000000     4.000000000000    20.000000000000     4.000000000000  1000.000000000000     0.001000000047     9.000000000000    90.000000000000     0.004999999888     0.000010000000    -0.027978463098     1.000000000000     0.000692393631
   310.000000000000    50.000000000000     4.000000000000  1000.000000000000    10.000000000000     6.000000000000    40.000000000000     4.000000000000  4000.000000000000     0.001000000047     6.000000000000    90.000000000000     0.004999999888     0.000010000000     0.035494774580     1.000000000000     5.710164546967
    50.000000000000    50.000000000000     4.000000000000  1000.000000000000    10.000000000000     6.000000000000    40.000000000000     4.000000000000  4000.000000000000     0.001000000047     6.000000000000    90.000000000000     0.004999999888     0.000010000000    -0.143010437489     1.000000000000     0.000494833395
    50.000000000000    50.000000000000     6.000000000000  1000.000000000000    10.000000000000     6.000000000000    40.000000000000     4.000000000000  4000.000000000000     0.001000000047     6.000000000000    90.000000000000     0.004999999888     0.000010000000    -0.238350704312     1.000000000000     0.000520349306
    50.000000000000    50.000000000000     8.000000000000  1000.000000000000    10.000000000000     6.000000000000    40.000000000000     4.000000000000  4000.000000000000     0.001000000047     6.000000000000    90.000000000000     0.004999999888     0.000010000000    -0.333691030741     1.000000000000     0.000749012805
    25.000000000000    25.000000000000     4.000000000000  1500.000000000000    10.000000000000     6.000000000000    40.000000000000     4.000000000000  4000.000000000000     0.001000000047     6.000000000000    90.000000000000     0.004999999888     0.000010000000    -0.055956926197     1.000000000000     0.004260824993
    25.000000000000    25.000000000000     6.000000000000  1500.000000000000    10.000000000000     6.000000000000    40.000000000000     4.000000000000  4000.000000000000     0.001000000047     6.000000000000    90.000000000000     0.004999999888     0.000010000000    -0.093261539936     1.000000000000     0.003273067996
    25.000000000000    25.000000000000     8.000000000000  1500.000000000000    10.000000000000     6.000000000000    40.000000000000     4.000000000000  4000.000000000000     0.001000000047     6.000000000000    90.000000000000     0.004999999888     0.000010000000    -0.130566149950     1.000000000000     0.004479018506
    25.000000000000    25.000000000000    10.000000000000  1500.000000000000    10.000000000000     6.000000000000    40.000000000000     4.000000000000  4000.000000000000     0.001000000047     6.000000000000    90.000000000000     0.004999999888     0.000010000000    -0.167870789766     1.000000000000     0.003640924813
    25.000000000000    25.000000000000     4.000000000000  1500.000000000000    10.000000000000     3.000000000000    20.000000000000     4.000000000000  1000.000000000000     0.001000000047     9.000000000000    90.000000000000     0.004999999888     0.000010000000    -0.027978463098     1.000000000000     0.003800850129
    25.000000000000    25.000000000000     6.000000000000  1500.000000000000    10.000000000000     3.000000000000    20.000000000000     4.000000000000  1000.000000000000     0.001000000047     9.000000000000    90.000000000000     0.004999999888     0.000010000000    -0.046630769968     1.000000000000     0.003587255953
    25.000000000000    25.000000000000     8.000000000000  1500.000000000000    10.000000000000     3.000000000000    20.000000000000     4.000000000000  1000.000000000000     0.001000000047     9.000000000000    90.000000000000     0.004999999888     0.000010000000    -0.065283074975     1.000000000000     0.003629130777
    25.000000000000    25.000000000000    10.000000000000  1500.000000000000    10.000000000000     3.000000000000    20.000000000000     4.000000000000  1000.000000000000     0.001000000047     9.000000000000    90.000000000000     0.004999999888     0.000010000000    -0.083935394883     1.000000000000     0.004378263373
    25.000000000000    25.000000000000     4.000000000000  1500.000000000000    10.000000000000     4.000000000000    20.000000000000     4.000000000000  1000.000000000000     0.001000000047     9.000000000000    90.000000000000     0.004999999888     0.000010000000    -0.027978463098     1.000000000000     0.003549035871
    25.000000000000    25.000000000000     6.000000000000  1500.000000000000    10.000000000000     4.000000000000    20.000000000000     4.000000000000  1000.000000000000     0.001000000047     9.000000000000    90.000000000000     0.004999999888     0.000010000000    -0.046630766243     1.000000000000     0.003546875902
    50.000000000000    50.000000000000     4.000000000000  1500.000000000000    10.000000000000     6.000000000000    40.000000000000     4.000000000000  4000.000000000000     0.001000000047     6.000000000000    90.000000000000     0.004999999888     0.000010000000    -0.143010437489     1.000000000000     0.004665486049
    50.000000000000    50.000000000000     6.000000000000  1500.000000000000    10.000000000000     6.000000000000    40.000000000000     4.000000000000  4000.000000000000     0.001000000047     6.000000000000    90.000000000000     0.004999999888     0.000010000000    -0.238350704312     1.000000000000     0.005084396340
    50.000000000000    50.000000000000     8.000000000000  1500.000000000000    10.000000000000     6.000000000000    40.000000000000     4.000000000000  4000.000000000000     0.001000000047     6.000000000000    90.000000000000     0.004999999888     0.000010000000    -0.333691030741     1.000000000000     0.004646669608
    50.000000000000    50.000000000000    10.000000000000  1500.000000000000    10.000000000000     6.000000000000    40.000000000000     4.000000000000  4000.000000000000     0.001000000047     6.000000000000    90.000000000000     0.004999999888     0.000010000000    -0.429031252861     1.000000000000     0.005547198001
    50.000000000000    50.000000000000     4.000000000000  1500.000000000000    10.000000000000     3.000000000000    20.000000000000     4.000000000000  1000.000000000000     0.001000000047     9.000000000000    90.000000000000     0.004999999888     0.000010000000    -0.071505218744     1.000000000000     0.004988298751
   335.000000000000    25.000000000000     4.000000000000  2000.000000000000    10.000000000000     6.000000000000    40.000000000000     4.000000000000  4000.000000000000     0.001000000047     6.000000000000    90.000000000000     0.004999999888     0.000010000000     0.019021540880     1.000000000000    17.620018005371
    25.000000000000    25.000000000000     4.000000000000  2000.000000000000    10.000000000000     6.000000000000    40.000000000000     4.000000000000  4000.000000000000     0.001000000047     6.000000000000    90.000000000000     0.004999999888     0.000010000000    -0.055956926197     1.000000000000     0.000000000000
   310.000000000000    50.000000000000     4.000000000000  2000.000000000000    10.000000000000     6.000000000000    40.000000000000     4.000000000000  4000.000000000000     0.001000000047     6.000000000000    90.000000000000     0.004999999888     0.000010000000     0.035494774580     1.000000000000    12.901245117188
    50.000000000000    50.000000000000     4.000000000000  2000.000000000000    10.000000000000     6.000000000000    40.000000000000     4.000000000000  4000.000000000000     0.001000000047     6.000000000000    90.000000000000     0.004999999888     0.000010000000    -0.143010437489     1.000000000000     2.301251411438
    50.000000000000    50.000000000000     6.000000000000  2000.000000000000    10.000000000000     6.000000000000    40.000000000000     4.000000000000  4000.000000000000     0.001000000047     6.000000000000    90.000000000000     0.004999999888     0.000010000000    -0.238350704312     1.000000000000     0.230345830321
   335.000000000000    25.000000000000     4.000000000000   500.000000000000    15.000000000000     6.000000000000    40.000000000000     4.000000000000  4000.000000000000     0.001000000047     6.000000000000    90.000000000000     0.004999999888     0.000010000000     0.019021540880     1.000000000000     0.387257009745
    25.000000000000    25.000000000000     4.000000000000   500.000000000000    15.000000000000     6.000000000000    40.000000000000     4.000000000000  4000.000000000000     0.001000000047     6.000000000000    90.000000000000     0.004999999888     0.000010000000    -0.055956926197     1.000000000000     0.000000680079
    25.000000000000    25.000000000000     6.000000000000   500.000000000000    15.000000000000     6.000000000000    40.000000000000     4.000000000000  4000.000000000000     0.001000000047     6.000000000000    90.000000000000     0.004999999888     0.000010000000    -0.093261539936     1.000000000000     0.000016787822
    25.000000000000    25.000000000000     8.000000000000   500.000000000000    15.000000000000     6.000000000000    40.000000000000     4.000000000000  4000.000000000000     0.001000000047     6.000000000000    90.000000000000     0.004999999888     0.000010000000    -0.130566149950     1.000000000000     0.000011958827
    25.000000000000    25.000000000000    10.000000000000   500.000000000000    15.000000000000     6.000000000000    40.000000000000     4.000000000000  4000.000000000000     0.001000000047     6.000000000000    90.000000000000     0.004999999888     0.000010000000    -0.167870789766     1.000000000000     0.000018150802
    25.000000000000    25.000000000000     4.000000000000   500.000000000000    15.000000000000     3.000000000000    20.000000000000     4.000000000000  1000.000000000000     0.001000000047     9.000000000000    90.000000000000     0.004999999888     0.000010000000    -0.027978463098     1.000000000000     0.000007913683
    50.000000000000    50.000000000000     4.000000000000   500.000000000000    15.000000000000     6.000000000000    40.000000000000     4.000000000000  4000.000000000000     0.001000000047     6.000000000000    90.000000000000     0.004999999888     0.000010000000    -0.143010437489     1.000000000000     0.000019232728
    50.000000000000    50.000000000000     6.000000000000   500.000000000000    15.000000000000     6.000000000000    40.000000000000     4.000000000000  4000.000000000000     0.001000000047     6.000000000000    90.000000000000     0.004999999888     0.000010000000    -0.238350704312     1.000000000000     0.000020527155
    50.000000000000    50.000000000000     8.000000000000   500.000000000000    15.000000000000     6.000000000000    40.000000000000     4.000000000000  4000.000000000000     0.001000000047     6.000000000000    90.000000000000     0.004999999888     0.000010000000    -0.333691030741     1.000000000000     0.000010784532
   335.000000000000    25.000000000000     4.000000000000  1000.000000000000    15.000000000000     6.000000000000    40.000000000000     4.000000000000  4000.000000000000     0.001000000047     6.000000000000    90.000000000000     0.004999999888     0.000010000000     0.019021540880     1.000000000000     6.427905559540
   335.000000000000    25.000000000000     4.000000000000  1500.000000000000    15.000000000000     6.000000000000    40.000000000000     4.000000000000  4000.000000000000     0.001000000047     6.000000000000    90.000000000000     0.004999999888     0.000010000000     0.019021540880     1.000000000000     4.990719318390
   310.000000000000    50.000000000000     4.000000000000  1500.000000000000    15.000000000000     6.000000000000    40.000000000000     4.000000000000  4000.000000000000     0.001000000047     6.000000000000    90.000000000000     0.004999999888     0.000010000000     0.035494774580     1.000000000000     9.816574096680
    50.000000000000    50.000000000000     4.000000000000  1500.000000000000    15.000000000000     6.000000000000    40.000000000000     4.000000000000  4000.000000000000     0.001000000047     6.000000000000    90.000000000000     0.004999999888     0.000010000000    -0.143010437489     1.000000000000     0.005270194262
   335.000000000000    25.000000000000     4.000000000000  2000.000000000000    15.000000000000     6.000000000000    40.000000000000     4.000000000000  4000.000000000000     0.001000000047     6.000000000000    90.000000000000     0.004999999888     0.000010000000     0.019021540880     1.000000000000     2.392208814621
    50.000000000000    50.000000000000     4.000000000000  2000.000000000000    15.000000000000     6.000000000000    40.000000000000     4.000000000000  4000.000000000000     0.001000000047     6.000000000000    90.000000000000     0.004999999888     0.000010000000    -0.143010437489     1.000000000000     0.015764582902
    50.000000000000    50.000000000000     6.000000000000  2000.000000000000    15.000000000000     6.000000000000    40.000000000000     4.000000000000  4000.000000000000     0.001000000047     6.000000000000    90.000000000000     0.004999999888     0.000010000000    -0.238350704312     1.000000000000     0.016961749643
    50.000000000000    50.000000000000     8.000000000000  2000.000000000000    15.000000000000     6.000000000000    40.000000000000     4.000000000000  4000.000000000000     0.001000000047     6.000000000000    90.000000000000     0.004999999888     0.000010000000    -0.333691030741     1.000000000000     0.017001913860
    50.000000000000    50.000000000000    10.000000000000  2000.000000000000    15.000000000000     6.000000000000    40.000000000000     4.000000000000  4000.000000000000     0.001000000047     6.000000000000    90.000000000000     0.004999999888     0.000010000000    -0.429031252861     1.000000000000     0.017328241840
    50.000000000000    50.000000000000     4.000000000000  2000.000000000000    15.000000000000     3.000000000000    20.000000000000     4.000000000000  1000.000000000000     0.001000000047     9.000000000000    90.000000000000     0.004999999888     0.000010000000    -0.071505218744     1.000000000000     0.014951851219
   335.000000000000    25.000000000000     4.000000000000   500.000000000000    20.000000000000     6.000000000000    40.000000000000     4.000000000000  4000.000000000000     0.001000000047     6.000000000000    90.000000000000     0.004999999888     0.000010000000     0.019021540880     1.000000000000     0.391413986683
   335.000000000000    25.000000000000     6.000000000000   500.000000000000    20.000000000000     6.000000000000    40.000000000000     4.000000000000  4000.000000000000     0.001000000047     6.000000000000    90.000000000000     0.004999999888     0.000010000000     0.020369224250     1.000000000000     0.393474072218
    25.000000000000    25.000000000000     4.000000000000   500.000000000000    20.000000000000     6.000000000000    40.000000000000     4.000000000000  4000.000000000000     0.001000000047     6.000000000000    90.000000000000     0.004999999888     0.000010000000    -0.055956926197     1.000000000000     0.000035461777
    25.000000000000    25.000000000000     6.000000000000   500.000000000000    20.000000000000     6.000000000000    40.000000000000     4.000000000000  4000.000000000000     0.001000000047     6.000000000000    90.000000000000     0.004999999888     0.000010000000    -0.093261539936     1.000000000000     0.000017606100
    50.000000000000    50.000000000000     4.000000000000   500.000000000000    20.000000000000     6.000000000000    40.000000000000     4.000000000000  4000.000000000000     0.001000000047     6.000000000000    90.000000000000     0.004999999888     0.000010000000    -0.143010437489     1.000000000000     0.000007832520
    50.000000000000    50.000000000000     6.000000000000   500.000000000000    20.000000000000     6.000000000000    40.000000000000     4.000000000000  4000.000000000000     0.001000000047     6.000000000000    90.000000000000     0.004999999888     0.000010000000    -0.238350704312     1.000000000000     0.000002166872
    50.000000000000    50.000000000000     8.000000000000   500.000000000000    20.000000000000     6.000000000000    40.000000000000     4.000000000000  4000.000000000000     0.001000000047     6.000000000000    90.000000000000     0.004999999888     0.000010000000    -0.333691030741     1.000000000000     0.000010109421
    25.000000000000    25.000000000000     4.000000000000  1000.000000000000    20.000000000000     6.000000000000    40.000000000000     4.000000000000  4000.000000000000     0.001000000047     6.000000000000    90.000000000000     0.004999999888     0.000010000000    -0.055956926197     1.000000000000     0.000844061316
   310.000000000000    50.000000000000     4.000000000000  1000.000000000000    20.000000000000     6.000000000000    40.000000000000     4.000000000000  4000.000000000000     0.001000000047     6.000000000000    90.000000000000     0.004999999888     0.000010000000     0.035494774580     1.000000000000     5.690711975098
   335.000000000000    25.000000000000     4.000000000000  1500.000000000000    20.000000000000     6.000000000000    40.000000000000     4.000000000000  4000.000000000000     0.001000000047     6.000000000000    90.000000000000     0.004999999888     0.000010000000     0.019021540880     1.000000000000     4.985618114471
   335.000000000000    25.000000000000     6.000000000000  1500.000000000000    20.000000000000     6.000000000000    40.000000000000     4.000000000000  4000.000000000000     0.001000000047     6.000000000000    90.000000000000     0.004999999888     0.000010000000     0.020369224250     1.000000000000    21.338359832764
    25.000000000000    25.000000000000     4.000000000000  1500.000000000000    20.000000000000     6.000000000000    40.000000000000     4.000000000000  4000.000000000000     0.001000000047     6.000000000000    90.000000000000     0.004999999888     0.000010000000    -0.055956926197     1.000000000000     0.004333061632
    25.000000000000    25.000000000000     6.000000000000  1500.000000000000    20.000000000000     6.000000000000    40.000000000000     4.000000000000  4000.000000000000     0.001000000047     6.000000000000    90.000000000000     0.004999999888     0.000010000000    -0.093261539936     1.000000000000     0.003948258702
    25.000000000000    25.000000000000     8.000000000000  1500.000000000000    20.000000000000     6.000000000000    40.000000000000     4.000000000000  4000.000000000000     0.001000000047     6.000000000000    90.000000000000     0.004999999888     0.000010000000    -0.130566149950     1.000000000000     0.003919614013
    25.000000000000    25.000000000000    10.000000000000  1500.000000000000    20.000000000000     6.000000000000    40.000000000000     4.000000000000  4000.000000000000     0.001000000047     6.000000000000    90.000000000000     0.004999999888     0.000010000000    -0.167870789766     1.000000000000     0.003971646540
    25.000000000000    25.000000000000     4.000000000000  1500.000000000000    20.000000000000     3.000000000000    20.000000000000     4.000000000000  1000.000000000000     0.001000000047     9.000000000000    90.000000000000     0.004999999888     0.000010000000    -0.027978463098     1.000000000000     0.004649965093
    25.000000000000    25.000000000000     6.000000000000  1500.000000000000    20.000000000000     3.000000000000    20.000000000000     4.000000000000  1000.000000000000     0.001000000047     9.000000000000    90.000000000000     0.004999999888     0.000010000000    -0.046630769968     1.000000000000     0.003496824764
    25.000000000000    25.000000000000     8.000000000000  1500.000000000000    20.000000000000     3.000000000000    20.000000000000     4.000000000000  1000.000000000000     0.001000000047     9.000000000000    90.000000000000     0.004999999888     0.000010000000    -0.065283074975     1.000000000000     0.003575120121
    25.000000000000    25.000000000000    10.000000000000  1500.000000000000    20.000000000000     3.000000000000    20.000000000000     4.000000000000  1000.000000000000     0.001000000047     9.000000000000    90.000000000000     0.004999999888     0.000010000000    -0.083935394883     1.000000000000     0.004176944960
    25.000000000000    25.000000000000     4.000000000000  1500.000000000000    20.000000000000     4.000000000000    20.000000000000     4.000000000000  1000.000000000000     0.001000000047     9.000000000000    90.000000000000     0.004999999888     0.000010000000    -0.027978463098     1.000000000000     0.003615470836
    25.000000000000    25.000000000000     6.000000000000  1500.000000000000    20.000000000000     4.000000000000    20.000000000000     4.000000000000  1000.000000000000     0.001000000047     9.000000000000    90.000000000000     0.004999999888     0.000010000000    -0.046630766243     1.000000000000     0.003394062864
    50.000000000000    50.000000000000     4.000000000000  1500.000000000000    20.000000000000     6.000000000000    40.000000000000     4.000000000000  4000.000000000000     0.001000000047     6.000000000000    90.000000000000     0.004999999888     0.000010000000    -0.143010437489     1.000000000000     0.004894882441
    50.000000000000    50.000000000000     6.000000000000  1500.000000000000    20.000000000000     6.000000000000    40.000000000000     4.000000000000  4000.000000000000     0.001000000047     6.000000000000    90.000000000000     0.004999999888     0.000010000000    -0.238350704312     1.000000000000     0.005150033161
    50.000000000000    50.000000000000     8.000000000000  1500.000000000000    20.000000000000     6.000000000000    40.000000000000     4.000000000000  4000.000000000000     0.001000000047     6.000000000000    90.000000000000     0.004999999888     0.000010000000    -0.333691030741     1.000000000000     0.005145786330
    50.000000000000    50.000000000000    10.000000000000  1500.000000000000    20.000000000000     6.000000000000    40.000000000000     4.000000000000  4000.000000000000     0.001000000047     6.000000000000    90.000000000000     0.004999999888     0.000010000000    -0.429031252861     1.000000000000     0.004054653458
    50.000000000000    50.000000000000     4.000000000000  1500.000000000000    20.000000000000     3.000000000000    20.000000000000     4.000000000000  1000.000000000000     0.001000000047     9.000000000000    90.000000000000     0.004999999888     0.000010000000    -0.071505218744     1.000000000000     0.004353053402
   335.000000000000    25.000000000000     4.000000000000  2000.000000000000    20.000000000000     6.000000000000    40.000000000000     4.000000000000  4000.000000000000     0.001000000047     6.000000000000    90.000000000000     0.004999999888     0.000010000000     0.019021540880     1.000000000000     2.393663406372
