   335.000000000000    25.000000000000     4.000000000000   500.000000000000     5.000000000000     3.000000000000    20.000000000000     4.000000000000  1000.000000000000     0.001000000047     3.000000000000    90.000000000000     0.004999999888     0.000010000000     0.014510769397     1.000000000000     2.198824167252
   335.000000000000    25.000000000000     6.000000000000   500.000000000000     5.000000000000     3.000000000000    20.000000000000     4.000000000000  1000.000000000000     0.001000000047     3.000000000000    90.000000000000     0.004999999888     0.000010000000     0.015184614807     1.000000000000    
    25.000000000000    25.000000000000     4.000000000000   500.000000000000     5.000000000000     3.000000000000    20.000000000000     4.000000000000  1000.000000000000     0.001000000047     3.000000000000    90.000000000000     0.004999999888     0.000010000000    -0.027978463098     1.000000000000     0.001369834412
    25.000000000000    25.000000000000     6.000000000000   500.000000000000     5.000000000000     3.000000000000    20.000000000000     4.000000000000  1000.000000000000     0.001000000047     3.000000000000    90.000000000000     0.004999999888     0.000010000000    -0.046630769968     1.000000000000     0.000147208702
   310.000000000000    50.000000000000     4.000000000000   500.000000000000     5.000000000000     3.000000000000    20.000000000000     4.000000000000  1000.000000000000     0.001000000047     3.000000000000    90.000000000000     0.004999999888     0.000010000000     0.022747389972     1.000000000000    
    50.000000000000    50.000000000000     4.000000000000   500.000000000000     5.000000000000     3.000000000000    20.000000000000     4.000000000000  1000.000000000000     0.001000000047     3.000000000000    90.000000000000     0.004999999888     0.000010000000    -0.071505218744     1.000000000000     0.000627107627
    50.000000000000    50.000000000000     6.000000000000   500.000000000000     5.000000000000     3.000000000000    20.000000000000     4.000000000000  1000.000000000000     0.001000000047     3.000000000000    90.000000000000     0.004999999888     0.000010000000    -0.119175344706     1.000000000000     0.000517944514
   335.000000000000    25.000000000000     4.000000000000  1000.000000000000     5.000000000000     3.000000000000    20.000000000000     4.000000000000  1000.000000000000     0.001000000047     3.000000000000    90.000000000000     0.004999999888     0.000010000000     0.014510769397     1.000000000000    22.417169570923
    25.000000000000    25.000000000000     4.000000000000  1000.000000000000     5.000000000000     3.000000000000    20.000000000000     4.000000000000  1000.000000000000     0.001000000047     3.000000000000    90.000000000000     0.004999999888     0.000010000000    -0.027978463098     1.000000000000     0.030785132200
    25.000000000000    25.000000000000     6.000000000000  1000.000000000000     5.000000000000     3.000000000000    20.000000000000     4.000000000000  1000.000000000000     0.001000000047     3.000000000000    90.000000000000     0.004999999888     0.000010000000    -0.046630769968     1.000000000000    
   310.000000000000    50.000000000000     4.000000000000  1000.000000000000     5.000000000000     3.000000000000    20.000000000000     4.000000000000  1000.000000000000     0.001000000047     3.000000000000    90.000000000000     0.004999999888     0.000010000000     0.022747389972     1.000000000000    22.587188720703
   310.000000000000    50.000000000000     6.000000000000  1000.000000000000     5.000000000000     3.000000000000    20.000000000000     4.000000000000  1000.000000000000     0.001000000047     3.000000000000    90.000000000000     0.004999999888     0.000010000000     0.023912325501     1.000000000000    
    50.000000000000    50.000000000000     4.000000000000  1000.000000000000     5.000000000000     3.000000000000    20.000000000000     4.000000000000  1000.000000000000     0.001000000047     3.000000000000    90.000000000000     0.004999999888     0.000010000000    -0.071505218744     1.000000000000     0.020507967100
    50.000000000000    50.000000000000     6.000000000000  1000.000000000000     5.000000000000     3.000000000000    20.000000000000     4.000000000000  1000.000000000000     0.001000000047     3.000000000000    90.000000000000     0.004999999888     0.000010000000    -0.119175344706     1.000000000000    
   335.000000000000    25.000000000000     4.000000000000  1500.000000000000     5.000000000000     3.000000000000    20.000000000000     4.000000000000  1000.000000000000     0.001000000047     3.000000000000    90.000000000000     0.004999999888     0.000010000000     0.014510769397     1.000000000000    25.353216171265
    25.000000000000    25.000000000000     4.000000000000  1500.000000000000     5.000000000000     3.000000000000    20.000000000000     4.000000000000  1000.000000000000     0.001000000047     3.000000000000    90.000000000000     0.004999999888     0.000010000000    -0.027978463098     1.000000000000     0.152443632483
    25.000000000000    25.000000000000     6.000000000000  1500.000000000000     5.000000000000     3.000000000000    20.000000000000     4.000000000000  1000.000000000000     0.001000000047     3.000000000000    90.000000000000     0.004999999888     0.000010000000    -0.046630769968     1.000000000000    
   310.000000000000    50.000000000000     4.000000000000  1500.000000000000     5.000000000000     3.000000000000    20.000000000000     4.000000000000  1000.000000000000     0.001000000047     3.000000000000    90.000000000000     0.004999999888     0.000010000000     0.022747389972     1.000000000000    
    50.000000000000    50.000000000000     4.000000000000  1500.000000000000     5.000000000000     3.000000000000    20.000000000000     4.000000000000  1000.000000000000     0.001000000047     3.000000000000    90.000000000000     0.004999999888     0.000010000000    -0.071505218744     1.000000000000     0.109741345048
    50.000000000000    50.000000000000     6.000000000000  1500.000000000000     5.000000000000     3.000000000000    20.000000000000     4.000000000000  1000.000000000000     0.001000000047     3.000000000000    90.000000000000     0.004999999888     0.000010000000    -0.119175344706     1.000000000000    
   335.000000000000    25.000000000000     4.000000000000  2000.000000000000     5.000000000000     3.000000000000    20.000000000000     4.000000000000  1000.000000000000     0.001000000047     3.000000000000    90.000000000000     0.004999999888     0.000010000000     0.014510769397     1.000000000000    24.093950271606
   335.000000000000    25.000000000000     6.000000000000  2000.000000000000     5.000000000000     3.000000000000    20.000000000000     4.000000000000  1000.000000000000     0.001000000047     3.000000000000    90.000000000000     0.004999999888     0.000010000000     0.015184614807     1.000000000000    
    25.000000000000    25.000000000000     4.000000000000  2000.000000000000     5.000000000000     3.000000000000    20.000000000000     4.000000000000  1000.000000000000     0.001000000047     3.000000000000    90.000000000000     0.004999999888     0.000010000000    -0.027978463098     1.000000000000     0.470793962479
    25.000000000000    25.000000000000     6.000000000000  2000.000000000000     5.000000000000     3.000000000000    20.000000000000     4.000000000000  1000.000000000000     0.001000000047     3.000000000000    90.000000000000     0.004999999888     0.000010000000    -0.046630769968     1.000000000000    
   310.000000000000    50.000000000000     4.000000000000  2000.000000000000     5.000000000000     3.000000000000    20.000000000000     4.000000000000  1000.000000000000     0.001000000047     3.000000000000    90.000000000000     0.004999999888     0.000010000000     0.022747389972     1.000000000000    17.806684494019
   310.000000000000    50.000000000000     6.000000000000  2000.000000000000     5.000000000000     3.000000000000    20.000000000000     4.000000000000  1000.000000000000     0.001000000047     3.000000000000    90.000000000000     0.004999999888     0.000010000000     0.023912325501     1.000000000000    22.452236175537
    50.000000000000    50.000000000000     4.000000000000  2000.000000000000     5.000000000000     3.000000000000    20.000000000000     4.000000000000  1000.000000000000     0.001000000047     3.000000000000    90.000000000000     0.004999999888     0.000010000000    -0.071505218744     1.000000000000     0.341961652040
    50.000000000000    50.000000000000     6.000000000000  2000.000000000000     5.000000000000     3.000000000000    20.000000000000     4.000000000000  1000.000000000000     0.001000000047     3.000000000000    90.000000000000     0.004999999888     0.000010000000    -0.119175344706     1.000000000000    
   335.000000000000    25.000000000000     4.000000000000   500.000000000000    10.000000000000     3.000000000000    20.000000000000     4.000000000000  1000.000000000000     0.001000000047     3.000000000000    90.000000000000     0.004999999888     0.000010000000     0.014510769397     1.000000000000     2.213224887848
   335.000000000000    25.000000000000     6.000000000000   500.000000000000    10.000000000000     3.000000000000    20.000000000000     4.000000000000  1000.000000000000     0.001000000047     3.000000000000    90.000000000000     0.004999999888     0.000010000000     0.015184614807     1.000000000000    
    25.000000000000    25.000000000000     4.000000000000   500.000000000000    10.000000000000     3.000000000000    20.000000000000     4.000000000000  1000.000000000000     0.001000000047     3.000000000000    90.000000000000     0.004999999888     0.000010000000    -0.027978463098     1.000000000000     0.001360751805
    25.000000000000    25.000000000000     6.000000000000   500.000000000000    10.000000000000     3.000000000000    20.000000000000     4.000000000000  1000.000000000000     0.001000000047     3.000000000000    90.000000000000     0.004999999888     0.000010000000    -0.046630769968     1.000000000000     0.000161196149
   310.000000000000    50.000000000000     4.000000000000   500.000000000000    10.000000000000     3.000000000000    20.000000000000     4.000000000000  1000.000000000000     0.001000000047     3.000000000000    90.000000000000     0.004999999888     0.000010000000     0.022747389972     1.000000000000     2.314941167831
   310.000000000000    50.000000000000     6.000000000000   500.000000000000    10.000000000000     3.000000000000    20.000000000000     4.000000000000  1000.000000000000     0.001000000047     3.000000000000    90.000000000000     0.004999999888     0.000010000000     0.023912325501     1.000000000000    
    50.000000000000    50.000000000000     4.000000000000   500.000000000000    10.000000000000     3.000000000000    20.000000000000     4.000000000000  1000.000000000000     0.001000000047     3.000000000000    90.000000000000     0.004999999888     0.000010000000    -0.071505218744     1.000000000000     0.000908815418
   335.000000000000    25.000000000000     4.000000000000  1000.000000000000    10.000000000000     3.000000000000    20.000000000000     4.000000000000  1000.000000000000     0.001000000047     3.000000000000    90.000000000000     0.004999999888     0.000010000000     0.014510769397     1.000000000000    22.572366714478
    25.000000000000    25.000000000000     4.000000000000  1000.000000000000    10.000000000000     3.000000000000    20.000000000000     4.000000000000  1000.000000000000     0.001000000047     3.000000000000    90.000000000000     0.004999999888     0.000010000000    -0.027978463098     1.000000000000     0.031554877758
    25.000000000000    25.000000000000     6.000000000000  1000.000000000000    10.000000000000     3.000000000000    20.000000000000     4.000000000000  1000.000000000000     0.001000000047     3.000000000000    90.000000000000     0.004999999888     0.000010000000    -0.046630769968     1.000000000000     0.004368385766
   310.000000000000    50.000000000000     4.000000000000  1000.000000000000    10.000000000000     3.000000000000    20.000000000000     4.000000000000  1000.000000000000     0.001000000047     3.000000000000    90.000000000000     0.004999999888     0.000010000000     0.022747389972     1.000000000000    22.644201278687
   310.000000000000    50.000000000000     6.000000000000  1000.000000000000    10.000000000000     3.000000000000    20.000000000000     4.000000000000  1000.000000000000     0.001000000047     3.000000000000    90.000000000000     0.004999999888     0.000010000000     0.023912325501     1.000000000000    
    50.000000000000    50.000000000000     4.000000000000  1000.000000000000    10.000000000000     3.000000000000    20.000000000000     4.000000000000  1000.000000000000     0.001000000047     3.000000000000    90.000000000000     0.004999999888     0.000010000000    -0.071505218744     1.000000000000     0.020240139216
   335.000000000000    25.000000000000     4.000000000000  1500.000000000000    10.000000000000     3.000000000000    20.000000000000     4.000000000000  1000.000000000000     0.001000000047     3.000000000000    90.000000000000     0.004999999888     0.000010000000     0.014510769397     1.000000000000    25.603059768677
    25.000000000000    25.000000000000     4.000000000000  1500.000000000000    10.000000000000     3.000000000000    20.000000000000     4.000000000000  1000.000000000000     0.001000000047     3.000000000000    90.000000000000     0.004999999888     0.000010000000    -0.027978463098     1.000000000000     0.154293760657
    25.000000000000    25.000000000000     6.000000000000  1500.000000000000    10.000000000000     3.000000000000    20.000000000000     4.000000000000  1000.000000000000     0.001000000047     3.000000000000    90.000000000000     0.004999999888     0.000010000000    -0.046630769968     1.000000000000    
   310.000000000000    50.000000000000     4.000000000000  1500.000000000000    10.000000000000     3.000000000000    20.000000000000     4.000000000000  1000.000000000000     0.001000000047     3.000000000000    90.000000000000     0.004999999888     0.000010000000     0.022747389972     1.000000000000    22.804553985596
   310.000000000000    50.000000000000     6.000000000000  1500.000000000000    10.000000000000     3.000000000000    20.000000000000     4.000000000000  1000.000000000000     0.001000000047     3.000000000000    90.000000000000     0.004999999888     0.000010000000     0.023912325501     1.000000000000    
    50.000000000000    50.000000000000     4.000000000000  1500.000000000000    10.000000000000     3.000000000000    20.000000000000     4.000000000000  1000.000000000000     0.001000000047     3.000000000000    90.000000000000     0.004999999888     0.000010000000    -0.071505218744     1.000000000000     0.109218992293
    50.000000000000    50.000000000000     6.000000000000  1500.000000000000    10.000000000000     3.000000000000    20.000000000000     4.000000000000  1000.000000000000     0.001000000047     3.000000000000    90.000000000000     0.004999999888     0.000010000000    -0.119175344706     1.000000000000     0.077495992184
   335.000000000000    25.000000000000     4.000000000000  2000.000000000000    10.000000000000     3.000000000000    20.000000000000     4.000000000000  1000.000000000000     0.001000000047     3.000000000000    90.000000000000     0.004999999888     0.000010000000     0.014510769397     1.000000000000    24.240919113159
   335.000000000000    25.000000000000     6.000000000000  2000.000000000000    10.000000000000     3.000000000000    20.000000000000     4.000000000000  1000.000000000000     0.001000000047     3.000000000000    90.000000000000     0.004999999888     0.000010000000     0.015184614807     1.000000000000    
    25.000000000000    25.000000000000     4.000000000000  2000.000000000000    10.000000000000     3.000000000000    20.000000000000     4.000000000000  1000.000000000000     0.001000000047     3.000000000000    90.000000000000     0.004999999888     0.000010000000    -0.027978463098     1.000000000000     0.443132489920
    25.000000000000    25.000000000000     6.000000000000  2000.000000000000    10.000000000000     3.000000000000    20.000000000000     4.000000000000  1000.000000000000     0.001000000047     3.000000000000    90.000000000000     0.004999999888     0.000010000000    -0.046630769968     1.000000000000     0.073717840016
   310.000000000000    50.000000000000     4.000000000000  2000.000000000000    10.000000000000     3.000000000000    20.000000000000     4.000000000000  1000.000000000000     0.001000000047     3.000000000000    90.000000000000     0.004999999888     0.000010000000     0.022747389972     1.000000000000    17.820219039917
   310.000000000000    50.000000000000     6.000000000000  2000.000000000000    10.000000000000     3.000000000000    20.000000000000     4.000000000000  1000.000000000000     0.001000000047     3.000000000000    90.000000000000     0.004999999888     0.000010000000     0.023912325501     1.000000000000    
    50.000000000000    50.000000000000     4.000000000000  2000.000000000000    10.000000000000     3.000000000000    20.000000000000     4.000000000000  1000.000000000000     0.001000000047     3.000000000000    90.000000000000     0.004999999888     0.000010000000    -0.071505218744     1.000000000000     0.340426892042
    50.000000000000    50.000000000000     6.000000000000  2000.000000000000    10.000000000000     3.000000000000    20.000000000000     4.000000000000  1000.000000000000     0.001000000047     3.000000000000    90.000000000000     0.004999999888     0.000010000000    -0.119175344706     1.000000000000    
   335.000000000000    25.000000000000     4.000000000000   500.000000000000    15.000000000000     3.000000000000    20.000000000000     4.000000000000  1000.000000000000     0.001000000047     3.000000000000    90.000000000000     0.004999999888     0.000010000000     0.014510769397     1.000000000000     2.240363121033
    25.000000000000    25.000000000000     4.000000000000   500.000000000000    15.000000000000     3.000000000000    20.000000000000     4.000000000000  1000.000000000000     0.001000000047     3.000000000000    90.000000000000     0.004999999888     0.000010000000    -0.027978463098     1.000000000000     0.001170755830
    25.000000000000    25.000000000000     6.000000000000   500.000000000000    15.000000000000     3.000000000000    20.000000000000     4.000000000000  1000.000000000000     0.001000000047     3.000000000000    90.000000000000     0.004999999888     0.000010000000    -0.046630769968     1.000000000000     0.000097893972
   310.000000000000    50.000000000000     4.000000000000   500.000000000000    15.000000000000     3.000000000000    20.000000000000     4.000000000000  1000.000000000000     0.001000000047     3.000000000000    90.000000000000     0.004999999888     0.000010000000     0.022747389972     1.000000000000     2.279676675797
   310.000000000000    50.000000000000     6.000000000000   500.000000000000    15.000000000000     3.000000000000    20.000000000000     4.000000000000  1000.000000000000     0.001000000047     3.000000000000    90.000000000000     0.004999999888     0.000010000000     0.023912325501     1.000000000000    
    50.000000000000    50.000000000000     4.000000000000   500.000000000000    15.000000000000     3.000000000000    20.000000000000     4.000000000000  1000.000000000000     0.001000000047     3.000000000000    90.000000000000     0.004999999888     0.000010000000    -0.071505218744     1.000000000000     0.000932301453
    50.000000000000    50.000000000000     6.000000000000   500.000000000000    15.000000000000     3.000000000000    20.000000000000     4.000000000000  1000.000000000000     0.001000000047     3.000000000000    90.000000000000     0.004999999888     0.000010000000    -0.119175344706     1.000000000000     0.000651459675
    25.000000000000    25.000000000000     4.000000000000  1000.000000000000    15.000000000000     3.000000000000    20.000000000000     4.000000000000  1000.000000000000     0.001000000047     3.000000000000    90.000000000000     0.004999999888     0.000010000000    -0.027978463098     1.000000000000     0.032072529197
    25.000000000000    25.000000000000     6.000000000000  1000.000000000000    15.000000000000     3.000000000000    20.000000000000     4.000000000000  1000.000000000000     0.001000000047     3.000000000000    90.000000000000     0.004999999888     0.000010000000    -0.046630769968     1.000000000000     0.005108905956
   310.000000000000    50.000000000000     4.000000000000  1000.000000000000    15.000000000000     3.000000000000    20.000000000000     4.000000000000  1000.000000000000     0.001000000047     3.000000000000    90.000000000000     0.004999999888     0.000010000000     0.022747389972     1.000000000000    22.278562545776
   310.000000000000    50.000000000000     6.000000000000  1000.000000000000    15.000000000000     3.000000000000    20.000000000000     4.000000000000  1000.000000000000     0.001000000047     3.000000000000    90.000000000000     0.004999999888     0.000010000000     0.023912325501     1.000000000000    19.901056289673
    50.000000000000    50.000000000000     4.000000000000  1000.000000000000    15.000000000000     3.000000000000    20.000000000000     4.000000000000  1000.000000000000     0.001000000047     3.000000000000    90.000000000000     0.004999999888     0.000010000000    -0.071505218744     1.000000000000     0.020732043311
    50.000000000000    50.000000000000     6.000000000000  1000.000000000000    15.000000000000     3.000000000000    20.000000000000     4.000000000000  1000.000000000000     0.001000000047     3.000000000000    90.000000000000     0.004999999888     0.000010000000    -0.119175344706     1.000000000000    
   335.000000000000    25.000000000000     4.000000000000  1500.000000000000    15.000000000000     3.000000000000    20.000000000000     4.000000000000  1000.000000000000     0.001000000047     3.000000000000    90.000000000000     0.004999999888     0.000010000000     0.014510769397     1.000000000000    25.173078536987
   335.000000000000    25.000000000000     6.000000000000  1500.000000000000    15.000000000000     3.000000000000    20.000000000000     4.000000000000  1000.000000000000     0.001000000047     3.000000000000    90.000000000000     0.004999999888     0.000010000000     0.015184614807     1.000000000000    
    25.000000000000    25.000000000000     4.000000000000  1500.000000000000    15.000000000000     3.000000000000    20.000000000000     4.000000000000  1000.000000000000     0.001000000047     3.000000000000    90.000000000000     0.004999999888     0.000010000000    -0.027978463098     1.000000000000     0.153411641717
    25.000000000000    25.000000000000     6.000000000000  1500.000000000000    15.000000000000     3.000000000000    20.000000000000     4.000000000000  1000.000000000000     0.001000000047     3.000000000000    90.000000000000     0.004999999888     0.000010000000    -0.046630769968     1.000000000000    
   310.000000000000    50.000000000000     4.000000000000  1500.000000000000    15.000000000000     3.000000000000    20.000000000000     4.000000000000  1000.000000000000     0.001000000047     3.000000000000    90.000000000000     0.004999999888     0.000010000000     0.022747389972     1.000000000000    22.840764999390
    50.000000000000    50.000000000000     4.000000000000  1500.000000000000    15.000000000000     3.000000000000    20.000000000000     4.000000000000  1000.000000000000     0.001000000047     3.000000000000    90.000000000000     0.004999999888     0.000010000000    -0.071505218744     1.000000000000     0.111778639257
    50.000000000000    50.000000000000     6.000000000000  1500.000000000000    15.000000000000     3.000000000000    20.000000000000     4.000000000000  1000.000000000000     0.001000000047     3.000000000000    90.000000000000     0.004999999888     0.000010000000    -0.119175344706     1.000000000000    
   335.000000000000    25.000000000000     4.000000000000  2000.000000000000    15.000000000000     3.000000000000    20.000000000000     4.000000000000  1000.000000000000     0.001000000047     3.000000000000    90.000000000000     0.004999999888     0.000010000000     0.014510769397     1.000000000000    24.363758087158
   335.000000000000    25.000000000000     6.000000000000  2000.000000000000    15.000000000000     3.000000000000    20.000000000000     4.000000000000  1000.000000000000     0.001000000047     3.000000000000    90.000000000000     0.004999999888     0.000010000000     0.015184614807     1.000000000000    
    25.000000000000    25.000000000000     4.000000000000  2000.000000000000    15.000000000000     3.000000000000    20.000000000000     4.000000000000  1000.000000000000     0.001000000047     3.000000000000    90.000000000000     0.004999999888     0.000010000000    -0.027978463098     1.000000000000     0.474289894104
    25.000000000000    25.000000000000     6.000000000000  2000.000000000000    15.000000000000     3.000000000000    20.000000000000     4.000000000000  1000.000000000000     0.001000000047     3.000000000000    90.000000000000     0.004999999888     0.000010000000    -0.046630769968     1.000000000000     0.075916707516
   310.000000000000    50.000000000000     4.000000000000  2000.000000000000    15.000000000000     3.000000000000    20.000000000000     4.000000000000  1000.000000000000     0.001000000047     3.000000000000    90.000000000000     0.004999999888     0.000010000000     0.022747389972     1.000000000000    17.768293380737
   310.000000000000    50.000000000000     6.000000000000  2000.000000000000    15.000000000000     3.000000000000    20.000000000000     4.000000000000  1000.000000000000     0.001000000047     3.000000000000    90.000000000000     0.004999999888     0.000010000000     0.023912325501     1.000000000000    
    50.000000000000    50.000000000000     4.000000000000  2000.000000000000    15.000000000000     3.000000000000    20.000000000000     4.000000000000  1000.000000000000     0.001000000047     3.000000000000    90.000000000000     0.004999999888     0.000010000000    -0.071505218744     1.000000000000     0.332150876522
    50.000000000000    50.000000000000     6.000000000000  2000.000000000000    15.000000000000     3.000000000000    20.000000000000     4.000000000000  1000.000000000000     0.001000000047     3.000000000000    90.000000000000     0.004999999888     0.000010000000    -0.119175344706     1.000000000000    
   335.000000000000    25.000000000000     4.000000000000   500.000000000000    20.000000000000     3.000000000000    20.000000000000     4.000000000000  1000.000000000000     0.001000000047     3.000000000000    90.000000000000     0.004999999888     0.000010000000     0.014510769397     1.000000000000     2.168885707855
    25.000000000000    25.000000000000     4.000000000000   500.000000000000    20.000000000000     3.000000000000    20.000000000000     4.000000000000  1000.000000000000     0.001000000047     3.000000000000    90.000000000000     0.004999999888     0.000010000000    -0.027978463098     1.000000000000     0.001025062171
    25.000000000000    25.000000000000     6.000000000000   500.000000000000    20.000000000000     3.000000000000    20.000000000000     4.000000000000  1000.000000000000     0.001000000047     3.000000000000    90.000000000000     0.004999999888     0.000010000000    -0.046630769968     1.000000000000    
   310.000000000000    50.000000000000     4.000000000000   500.000000000000    20.000000000000     3.000000000000    20.000000000000     4.000000000000  1000.000000000000     0.001000000047     3.000000000000    90.000000000000     0.004999999888     0.000010000000     0.022747389972     1.000000000000     2.238463163376
   310.000000000000    50.000000000000     6.000000000000   500.000000000000    20.000000000000     3.000000000000    20.000000000000     4.000000000000  1000.000000000000     0.001000000047     3.000000000000    90.000000000000     0.004999999888     0.000010000000     0.023912325501     1.000000000000    
    50.000000000000    50.000000000000     4.000000000000   500.000000000000    20.000000000000     3.000000000000    20.000000000000     4.000000000000  1000.000000000000     0.001000000047     3.000000000000    90.000000000000     0.004999999888     0.000010000000    -0.071505218744     1.000000000000     0.000755003421
    50.000000000000    50.000000000000     6.000000000000   500.000000000000    20.000000000000     3.000000000000    20.000000000000     4.000000000000  1000.000000000000     0.001000000047     3.000000000000    90.000000000000     0.004999999888     0.000010000000    -0.119175344706     1.000000000000     0.000743402052
   335.000000000000    25.000000000000     4.000000000000  1000.000000000000    20.000000000000     3.000000000000    20.000000000000     4.000000000000  1000.000000000000     0.001000000047     3.000000000000    90.000000000000     0.004999999888     0.000010000000     0.014510769397     1.000000000000    22.586341857910
   335.000000000000    25.000000000000     6.000000000000  1000.000000000000    20.000000000000     3.000000000000    20.000000000000     4.000000000000  1000.000000000000     0.001000000047     3.000000000000    90.000000000000     0.004999999888     0.000010000000     0.015184614807     1.000000000000    
    25.000000000000    25.000000000000     4.000000000000  1000.000000000000    20.000000000000     3.000000000000    20.000000000000     4.000000000000  1000.000000000000     0.001000000047     3.000000000000    90.000000000000     0.004999999888     0.000010000000    -0.027978463098     1.000000000000     0.031671915203
    25.000000000000    25.000000000000     6.000000000000  1000.000000000000    20.000000000000     3.000000000000    20.000000000000     4.000000000000  1000.000000000000     0.001000000047     3.000000000000    90.000000000000     0.004999999888     0.000010000000    -0.046630769968     1.000000000000    
   310.000000000000    50.000000000000     4.000000000000  1000.000000000000    20.000000000000     3.000000000000    20.000000000000     4.000000000000  1000.000000000000     0.001000000047     3.000000000000    90.000000000000     0.004999999888     0.000010000000     0.022747389972     1.000000000000    22.640415191650
    50.000000000000    50.000000000000     4.000000000000  1000.000000000000    20.000000000000     3.000000000000    20.000000000000     4.000000000000  1000.000000000000     0.001000000047     3.000000000000    90.000000000000     0.004999999888     0.000010000000    -0.071505218744     1.000000000000     0.021858554333
    50.000000000000    50.000000000000     6.000000000000  1000.000000000000    20.000000000000     3.000000000000    20.000000000000     4.000000000000  1000.000000000000     0.001000000047     3.000000000000    90.000000000000     0.004999999888     0.000010000000    -0.119175344706     1.000000000000     0.014294764027
   335.000000000000    25.000000000000     4.000000000000  1500.000000000000    20.000000000000     3.000000000000    20.000000000000     4.000000000000  1000.000000000000     0.001000000047     3.000000000000    90.000000000000     0.004999999888     0.000010000000     0.014510769397     1.000000000000    21.752977371216
   335.000000000000    25.000000000000     6.000000000000  1500.000000000000    20.000000000000     3.000000000000    20.000000000000     4.000000000000  1000.000000000000     0.001000000047     3.000000000000    90.000000000000     0.004999999888     0.000010000000     0.015184614807     1.000000000000    22.659637451172
    25.000000000000    25.000000000000     4.000000000000  1500.000000000000    20.000000000000     3.000000000000    20.000000000000     4.000000000000  1000.000000000000     0.001000000047     3.000000000000    90.000000000000     0.004999999888     0.000010000000    -0.027978463098     1.000000000000     0.157984271646
    25.000000000000    25.000000000000     6.000000000000  1500.000000000000    20.000000000000     3.000000000000    20.000000000000     4.000000000000  1000.000000000000     0.001000000047     3.000000000000    90.000000000000     0.004999999888     0.000010000000    -0.046630769968     1.000000000000    
   310.000000000000    50.000000000000     4.000000000000  1500.000000000000    20.000000000000     3.000000000000    20.000000000000     4.000000000000  1000.000000000000     0.001000000047     3.000000000000    90.000000000000     0.004999999888     0.000010000000     0.022747389972     1.000000000000    
    50.000000000000    50.000000000000     4.000000000000  1500.000000000000    20.000000000000     3.000000000000    20.000000000000     4.000000000000  1000.000000000000     0.001000000047     3.000000000000    90.000000000000     0.004999999888     0.000010000000    -0.071505218744     1.000000000000     0.104888148606
    50.000000000000    50.000000000000     6.000000000000  1500.000000000000    20.000000000000     3.000000000000    20.000000000000     4.000000000000  1000.000000000000     0.001000000047     3.000000000000    90.000000000000     0.004999999888     0.000010000000    -0.119175344706     1.000000000000     0.068807475269
   335.000000000000    25.000000000000     4.000000000000  2000.000000000000    20.000000000000     3.000000000000    20.000000000000     4.000000000000  1000.000000000000     0.001000000047     3.000000000000    90.000000000000     0.004999999888     0.000010000000     0.014510769397     1.000000000000    24.488903045654
    25.000000000000    25.000000000000     4.000000000000  2000.000000000000    20.000000000000     3.000000000000    20.000000000000     4.000000000000  1000.000000000000     0.001000000047     3.000000000000    90.000000000000     0.004999999888     0.000010000000    -0.027978463098     1.000000000000     0.462191373110
    25.000000000000    25.000000000000     6.000000000000  2000.000000000000    20.000000000000     3.000000000000    20.000000000000     4.000000000000  1000.000000000000     0.001000000047     3.000000000000    90.000000000000     0.004999999888     0.000010000000    -0.046630769968     1.000000000000     0.078050687909
   310.000000000000    50.000000000000     4.000000000000  2000.000000000000    20.000000000000     3.000000000000    20.000000000000     4.000000000000  1000.000000000000     0.001000000047     3.000000000000    90.000000000000     0.004999999888     0.000010000000     0.022747389972     1.000000000000    17.477989196777
   310.000000000000    50.000000000000     6.000000000000  2000.000000000000    20.000000000000     3.000000000000    20.000000000000     4.000000000000  1000.000000000000     0.001000000047     3.000000000000    90.000000000000     0.004999999888     0.000010000000     0.023912325501     1.000000000000    
    50.000000000000    50.000000000000     4.000000000000  2000.000000000000    20.000000000000     3.000000000000    20.000000000000     4.000000000000  1000.000000000000     0.001000000047     3.000000000000    90.000000000000     0.004999999888     0.000010000000    -0.071505218744     1.000000000000     0.351991236210
    50.000000000000    50.000000000000     6.000000000000  2000.000000000000    20.000000000000     3.000000000000    20.000000000000     4.000000000000  1000.000000000000     0.001000000047     3.000000000000    90.000000000000     0.004999999888     0.000010000000    -0.119175344706     1.000000000000    
