 
   335.000000000000    25.000000000000     8.000000000000   500.000000000000     5.000000000000     4.000000000000    30.000000000000     4.000000000000  1000.000000000000     0.001000000047     6.000000000000    90.000000000000     0.004999999888     0.000010000000     0.019037686288     1.000000000000     0.540755808353
   335.000000000000    25.000000000000    10.000000000000   500.000000000000     5.000000000000     4.000000000000    30.000000000000     4.000000000000  1000.000000000000     0.001000000047     6.000000000000    90.000000000000     0.004999999888     0.000010000000     0.015048474073     1.000000000000     0.500061810017
   335.000000000000    25.000000000000     4.000000000000   500.000000000000     5.000000000000     5.000000000000    35.000000000000     4.000000000000  1000.000000000000     0.001000000047     6.000000000000    90.000000000000     0.004999999888     0.000010000000     0.018018845469     1.000000000000     0.572795629501
   335.000000000000    25.000000000000     6.000000000000   500.000000000000     5.000000000000     5.000000000000    35.000000000000     4.000000000000  1000.000000000000     0.001000000047     6.000000000000    90.000000000000     0.004999999888     0.000010000000     0.016698077321     1.000000000000     0.418337345123
   335.000000000000    25.000000000000     8.000000000000   500.000000000000     5.000000000000     5.000000000000    35.000000000000     4.000000000000  1000.000000000000     0.001000000047     6.000000000000    90.000000000000     0.004999999888     0.000010000000     0.020377323031     1.000000000000     0.351886361837
   335.000000000000    25.000000000000    10.000000000000   500.000000000000     5.000000000000     5.000000000000    35.000000000000     4.000000000000  1000.000000000000     0.001000000047     6.000000000000    90.000000000000     0.004999999888     0.000010000000     0.019056558609     1.000000000000     0.396832704544
   335.000000000000    25.000000000000     4.000000000000   500.000000000000     5.000000000000     6.000000000000    40.000000000000     4.000000000000  1000.000000000000     0.001000000047     6.000000000000    90.000000000000     0.004999999888     0.000010000000     0.019021540880     1.000000000000     0.604810774326
   335.000000000000    25.000000000000     6.000000000000   500.000000000000     5.000000000000     6.000000000000    40.000000000000     4.000000000000  1000.000000000000     0.001000000047     6.000000000000    90.000000000000     0.004999999888     0.000010000000     0.020369224250     1.000000000000     0.405722558498
   335.000000000000    25.000000000000     8.000000000000   500.000000000000     5.000000000000     6.000000000000    40.000000000000     4.000000000000  1000.000000000000     0.001000000047     6.000000000000    90.000000000000     0.004999999888     0.000010000000     0.016716912389     1.000000000000     0.253624230623
    25.000000000000    25.000000000000     8.000000000000   500.000000000000     5.000000000000     4.000000000000    30.000000000000     4.000000000000  1000.000000000000     0.001000000047     6.000000000000    90.000000000000     0.004999999888     0.000010000000    -0.097924619913     1.000000000000     0.000162182652
    25.000000000000    25.000000000000    10.000000000000   500.000000000000     5.000000000000     4.000000000000    30.000000000000     4.000000000000  1000.000000000000     0.001000000047     6.000000000000    90.000000000000     0.004999999888     0.000010000000    -0.125903069973     1.000000000000     0.000062384897
    25.000000000000    25.000000000000     4.000000000000   500.000000000000     5.000000000000     5.000000000000    35.000000000000     4.000000000000  1000.000000000000     0.001000000047     6.000000000000    90.000000000000     0.004999999888     0.000010000000    -0.048962302506     1.000000000000     0.009680160321
    25.000000000000    25.000000000000     6.000000000000   500.000000000000     5.000000000000     5.000000000000    35.000000000000     4.000000000000  1000.000000000000     0.001000000047     6.000000000000    90.000000000000     0.004999999888     0.000010000000    -0.081603839993     1.000000000000     0.000465009449
    25.000000000000    25.000000000000     8.000000000000   500.000000000000     5.000000000000     5.000000000000    35.000000000000     4.000000000000  1000.000000000000     0.001000000047     6.000000000000    90.000000000000     0.004999999888     0.000010000000    -0.114245370030     1.000000000000     0.000055372486
    25.000000000000    25.000000000000    10.000000000000   500.000000000000     5.000000000000     5.000000000000    35.000000000000     4.000000000000  1000.000000000000     0.001000000047     6.000000000000    90.000000000000     0.004999999888     0.000010000000    -0.146886914968     1.000000000000     0.000023507737
    25.000000000000    25.000000000000     4.000000000000   500.000000000000     5.000000000000     6.000000000000    40.000000000000     4.000000000000  1000.000000000000     0.001000000047     6.000000000000    90.000000000000     0.004999999888     0.000010000000    -0.055956926197     1.000000000000     0.006904502865
    25.000000000000    25.000000000000     6.000000000000   500.000000000000     5.000000000000     6.000000000000    40.000000000000     4.000000000000  1000.000000000000     0.001000000047     6.000000000000    90.000000000000     0.004999999888     0.000010000000    -0.093261539936     1.000000000000     0.000111709356
    25.000000000000    25.000000000000     8.000000000000   500.000000000000     5.000000000000     6.000000000000    40.000000000000     4.000000000000  1000.000000000000     0.001000000047     6.000000000000    90.000000000000     0.004999999888     0.000010000000    -0.130566149950     1.000000000000     0.000047102749
   310.000000000000    50.000000000000     8.000000000000   500.000000000000     5.000000000000     4.000000000000    30.000000000000     4.000000000000  1000.000000000000     0.001000000047     6.000000000000    90.000000000000     0.004999999888     0.000010000000     0.027865886688     1.000000000000     0.559490740299
   310.000000000000    50.000000000000    10.000000000000   500.000000000000     5.000000000000     4.000000000000    30.000000000000     4.000000000000  1000.000000000000     0.001000000047     6.000000000000    90.000000000000     0.004999999888     0.000010000000     0.027113258839     1.000000000000     0.473571300507
    50.000000000000    50.000000000000     8.000000000000   500.000000000000     5.000000000000     4.000000000000    30.000000000000     4.000000000000  1000.000000000000     0.001000000047     6.000000000000    90.000000000000     0.004999999888     0.000010000000    -0.250268250704     1.000000000000     0.000089334062
    50.000000000000    50.000000000000    10.000000000000   500.000000000000     5.000000000000     4.000000000000    30.000000000000     4.000000000000  1000.000000000000     0.001000000047     6.000000000000    90.000000000000     0.004999999888     0.000010000000    -0.321773499250     1.000000000000     0.000075187709
    50.000000000000    50.000000000000     4.000000000000   500.000000000000     5.000000000000     5.000000000000    35.000000000000     4.000000000000  1000.000000000000     0.001000000047     6.000000000000    90.000000000000     0.004999999888     0.000010000000    -0.125134125352     1.000000000000     0.014034212567
    50.000000000000    50.000000000000     6.000000000000   500.000000000000     5.000000000000     5.000000000000    35.000000000000     4.000000000000  1000.000000000000     0.001000000047     6.000000000000    90.000000000000     0.004999999888     0.000010000000    -0.208556875587     1.000000000000     0.000938980957
    50.000000000000    50.000000000000     8.000000000000   500.000000000000     5.000000000000     5.000000000000    35.000000000000     4.000000000000  1000.000000000000     0.001000000047     6.000000000000    90.000000000000     0.004999999888     0.000010000000    -0.291979640722     1.000000000000     0.000057387580
    50.000000000000    50.000000000000    10.000000000000   500.000000000000     5.000000000000     5.000000000000    35.000000000000     4.000000000000  1000.000000000000     0.001000000047     6.000000000000    90.000000000000     0.004999999888     0.000010000000    -0.375402361155     1.000000000000     0.000009300422
    50.000000000000    50.000000000000     4.000000000000   500.000000000000     5.000000000000     6.000000000000    40.000000000000     4.000000000000  1000.000000000000     0.001000000047     6.000000000000    90.000000000000     0.004999999888     0.000010000000    -0.143010437489     1.000000000000     0.006623343099
    50.000000000000    50.000000000000     6.000000000000   500.000000000000     5.000000000000     6.000000000000    40.000000000000     4.000000000000  1000.000000000000     0.001000000047     6.000000000000    90.000000000000     0.004999999888     0.000010000000    -0.238350704312     1.000000000000     0.000278265419
    50.000000000000    50.000000000000     8.000000000000   500.000000000000     5.000000000000     6.000000000000    40.000000000000     4.000000000000  1000.000000000000     0.001000000047     6.000000000000    90.000000000000     0.004999999888     0.000010000000    -0.333691030741     1.000000000000     0.000075451630
    50.000000000000    50.000000000000    10.000000000000   500.000000000000     5.000000000000     6.000000000000    40.000000000000     4.000000000000  1000.000000000000     0.001000000047     6.000000000000    90.000000000000     0.004999999888     0.000010000000    -0.429031252861     1.000000000000     0.000010047056
   335.000000000000    25.000000000000     8.000000000000  1000.000000000000     5.000000000000     4.000000000000    30.000000000000     4.000000000000  1000.000000000000     0.001000000047     6.000000000000    90.000000000000     0.004999999888     0.000010000000     0.019037686288     1.000000000000     8.685885429382
   335.000000000000    25.000000000000    10.000000000000  1000.000000000000     5.000000000000     4.000000000000    30.000000000000     4.000000000000  1000.000000000000     0.001000000047     6.000000000000    90.000000000000     0.004999999888     0.000010000000     0.015048474073     1.000000000000     7.965710163116
   335.000000000000    25.000000000000     4.000000000000  1000.000000000000     5.000000000000     5.000000000000    35.000000000000     4.000000000000  1000.000000000000     0.001000000047     6.000000000000    90.000000000000     0.004999999888     0.000010000000     0.018018845469     1.000000000000     9.381421089172
   335.000000000000    25.000000000000     6.000000000000  1000.000000000000     5.000000000000     5.000000000000    35.000000000000     4.000000000000  1000.000000000000     0.001000000047     6.000000000000    90.000000000000     0.004999999888     0.000010000000     0.016698077321     1.000000000000     7.011835575104
   335.000000000000    25.000000000000     8.000000000000  1000.000000000000     5.000000000000     5.000000000000    35.000000000000     4.000000000000  1000.000000000000     0.001000000047     6.000000000000    90.000000000000     0.004999999888     0.000010000000     0.020377323031     1.000000000000     6.026031494141
   335.000000000000    25.000000000000    10.000000000000  1000.000000000000     5.000000000000     5.000000000000    35.000000000000     4.000000000000  1000.000000000000     0.001000000047     6.000000000000    90.000000000000     0.004999999888     0.000010000000     0.019056558609     1.000000000000     6.414215564728
   335.000000000000    25.000000000000     4.000000000000  1000.000000000000     5.000000000000     6.000000000000    40.000000000000     4.000000000000  1000.000000000000     0.001000000047     6.000000000000    90.000000000000     0.004999999888     0.000010000000     0.019021540880     1.000000000000    10.069092750549
    25.000000000000    25.000000000000     8.000000000000  1000.000000000000     5.000000000000     4.000000000000    30.000000000000     4.000000000000  1000.000000000000     0.001000000047     6.000000000000    90.000000000000     0.004999999888     0.000010000000    -0.097924619913     1.000000000000     0.006580330897
    25.000000000000    25.000000000000    10.000000000000  1000.000000000000     5.000000000000     4.000000000000    30.000000000000     4.000000000000  1000.000000000000     0.001000000047     6.000000000000    90.000000000000     0.004999999888     0.000010000000    -0.125903069973     1.000000000000     0.001002336503
    25.000000000000    25.000000000000     4.000000000000  1000.000000000000     5.000000000000     5.000000000000    35.000000000000     4.000000000000  1000.000000000000     0.001000000047     6.000000000000    90.000000000000     0.004999999888     0.000010000000    -0.048962302506     1.000000000000     0.194032520056
    25.000000000000    25.000000000000     6.000000000000  1000.000000000000     5.000000000000     5.000000000000    35.000000000000     4.000000000000  1000.000000000000     0.001000000047     6.000000000000    90.000000000000     0.004999999888     0.000010000000    -0.081603839993     1.000000000000     0.016679113731
    25.000000000000    25.000000000000     8.000000000000  1000.000000000000     5.000000000000     5.000000000000    35.000000000000     4.000000000000  1000.000000000000     0.001000000047     6.000000000000    90.000000000000     0.004999999888     0.000010000000    -0.114245370030     1.000000000000     0.002464370104
    25.000000000000    25.000000000000    10.000000000000  1000.000000000000     5.000000000000     5.000000000000    35.000000000000     4.000000000000  1000.000000000000     0.001000000047     6.000000000000    90.000000000000     0.004999999888     0.000010000000    -0.146886914968     1.000000000000     0.000502059876
    25.000000000000    25.000000000000     4.000000000000  1000.000000000000     5.000000000000     6.000000000000    40.000000000000     4.000000000000  1000.000000000000     0.001000000047     6.000000000000    90.000000000000     0.004999999888     0.000010000000    -0.055956926197     1.000000000000     0.139791414142
    25.000000000000    25.000000000000     6.000000000000  1000.000000000000     5.000000000000     6.000000000000    40.000000000000     4.000000000000  1000.000000000000     0.001000000047     6.000000000000    90.000000000000     0.004999999888     0.000010000000    -0.093261539936     1.000000000000     0.003687292337
    25.000000000000    25.000000000000     8.000000000000  1000.000000000000     5.000000000000     6.000000000000    40.000000000000     4.000000000000  1000.000000000000     0.001000000047     6.000000000000    90.000000000000     0.004999999888     0.000010000000    -0.130566149950     1.000000000000     0.002034012461
   310.000000000000    50.000000000000     8.000000000000  1000.000000000000     5.000000000000     4.000000000000    30.000000000000     4.000000000000  1000.000000000000     0.001000000047     6.000000000000    90.000000000000     0.004999999888     0.000010000000     0.027865886688     1.000000000000     9.099617004395
   310.000000000000    50.000000000000    10.000000000000  1000.000000000000     5.000000000000     4.000000000000    30.000000000000     4.000000000000  1000.000000000000     0.001000000047     6.000000000000    90.000000000000     0.004999999888     0.000010000000     0.027113258839     1.000000000000     7.677323341370
   310.000000000000    50.000000000000     4.000000000000  1000.000000000000     5.000000000000     5.000000000000    35.000000000000     4.000000000000  1000.000000000000     0.001000000047     6.000000000000    90.000000000000     0.004999999888     0.000010000000     0.029932945967     1.000000000000    13.889292716980
   310.000000000000    50.000000000000     6.000000000000  1000.000000000000     5.000000000000     5.000000000000    35.000000000000     4.000000000000  1000.000000000000     0.001000000047     6.000000000000    90.000000000000     0.004999999888     0.000010000000     0.033221572638     1.000000000000     9.219220161438
   310.000000000000    50.000000000000     8.000000000000  1000.000000000000     5.000000000000     5.000000000000    35.000000000000     4.000000000000  1000.000000000000     0.001000000047     6.000000000000    90.000000000000     0.004999999888     0.000010000000     0.031510174274     1.000000000000     5.751564979553
    50.000000000000    50.000000000000     8.000000000000  1000.000000000000     5.000000000000     4.000000000000    30.000000000000     4.000000000000  1000.000000000000     0.001000000047     6.000000000000    90.000000000000     0.004999999888     0.000010000000    -0.250268250704     1.000000000000     0.004629159346
    50.000000000000    50.000000000000    10.000000000000  1000.000000000000     5.000000000000     4.000000000000    30.000000000000     4.000000000000  1000.000000000000     0.001000000047     6.000000000000    90.000000000000     0.004999999888     0.000010000000    -0.321773499250     1.000000000000     0.003237616038
    50.000000000000    50.000000000000     4.000000000000  1000.000000000000     5.000000000000     5.000000000000    35.000000000000     4.000000000000  1000.000000000000     0.001000000047     6.000000000000    90.000000000000     0.004999999888     0.000010000000    -0.125134125352     1.000000000000     0.273145765066
    50.000000000000    50.000000000000     6.000000000000  1000.000000000000     5.000000000000     5.000000000000    35.000000000000     4.000000000000  1000.000000000000     0.001000000047     6.000000000000    90.000000000000     0.004999999888     0.000010000000    -0.208556875587     1.000000000000     0.024980837479
    50.000000000000    50.000000000000     8.000000000000  1000.000000000000     5.000000000000     5.000000000000    35.000000000000     4.000000000000  1000.000000000000     0.001000000047     6.000000000000    90.000000000000     0.004999999888     0.000010000000    -0.291979640722     1.000000000000     0.003478068626
    50.000000000000    50.000000000000    10.000000000000  1000.000000000000     5.000000000000     5.000000000000    35.000000000000     4.000000000000  1000.000000000000     0.001000000047     6.000000000000    90.000000000000     0.004999999888     0.000010000000    -0.375402361155     1.000000000000     0.000540005160
    50.000000000000    50.000000000000     4.000000000000  1000.000000000000     5.000000000000     6.000000000000    40.000000000000     4.000000000000  1000.000000000000     0.001000000047     6.000000000000    90.000000000000     0.004999999888     0.000010000000    -0.143010437489     1.000000000000     0.155011683702
    50.000000000000    50.000000000000     6.000000000000  1000.000000000000     5.000000000000     6.000000000000    40.000000000000     4.000000000000  1000.000000000000     0.001000000047     6.000000000000    90.000000000000     0.004999999888     0.000010000000    -0.238350704312     1.000000000000     0.012728027999
    50.000000000000    50.000000000000     8.000000000000  1000.000000000000     5.000000000000     6.000000000000    40.000000000000     4.000000000000  1000.000000000000     0.001000000047     6.000000000000    90.000000000000     0.004999999888     0.000010000000    -0.333691030741     1.000000000000     0.002973381197
   335.000000000000    25.000000000000     8.000000000000  1500.000000000000     5.000000000000     4.000000000000    30.000000000000     4.000000000000  1000.000000000000     0.001000000047     6.000000000000    90.000000000000     0.004999999888     0.000010000000     0.019037686288     1.000000000000    24.847986221313
   335.000000000000    25.000000000000    10.000000000000  1500.000000000000     5.000000000000     4.000000000000    30.000000000000     4.000000000000  1000.000000000000     0.001000000047     6.000000000000    90.000000000000     0.004999999888     0.000010000000     0.015048474073     1.000000000000    19.209131240845
   335.000000000000    25.000000000000     4.000000000000  1500.000000000000     5.000000000000     5.000000000000    35.000000000000     4.000000000000  1000.000000000000     0.001000000047     6.000000000000    90.000000000000     0.004999999888     0.000010000000     0.018018845469     1.000000000000    21.867042541504
   335.000000000000    25.000000000000     6.000000000000  1500.000000000000     5.000000000000     5.000000000000    35.000000000000     4.000000000000  1000.000000000000     0.001000000047     6.000000000000    90.000000000000     0.004999999888     0.000010000000     0.016698077321     1.000000000000    16.536397933960
   335.000000000000    25.000000000000     8.000000000000  1500.000000000000     5.000000000000     5.000000000000    35.000000000000     4.000000000000  1000.000000000000     0.001000000047     6.000000000000    90.000000000000     0.004999999888     0.000010000000     0.020377323031     1.000000000000    19.943168640137
   335.000000000000    25.000000000000    10.000000000000  1500.000000000000     5.000000000000     5.000000000000    35.000000000000     4.000000000000  1000.000000000000     0.001000000047     6.000000000000    90.000000000000     0.004999999888     0.000010000000     0.019056558609     1.000000000000    21.051870346069
   335.000000000000    25.000000000000     4.000000000000  1500.000000000000     5.000000000000     6.000000000000    40.000000000000     4.000000000000  1000.000000000000     0.001000000047     6.000000000000    90.000000000000     0.004999999888     0.000010000000     0.019021540880     1.000000000000    25.994544982910
   335.000000000000    25.000000000000     6.000000000000  1500.000000000000     5.000000000000     6.000000000000    40.000000000000     4.000000000000  1000.000000000000     0.001000000047     6.000000000000    90.000000000000     0.004999999888     0.000010000000     0.020369224250     1.000000000000    18.463319778442
    25.000000000000    25.000000000000     8.000000000000  1500.000000000000     5.000000000000     4.000000000000    30.000000000000     4.000000000000  1000.000000000000     0.001000000047     6.000000000000    90.000000000000     0.004999999888     0.000010000000    -0.097924619913     1.000000000000     0.037266597152
    25.000000000000    25.000000000000    10.000000000000  1500.000000000000     5.000000000000     4.000000000000    30.000000000000     4.000000000000  1000.000000000000     0.001000000047     6.000000000000    90.000000000000     0.004999999888     0.000010000000    -0.125903069973     1.000000000000     0.005625272170
    25.000000000000    25.000000000000     4.000000000000  1500.000000000000     5.000000000000     5.000000000000    35.000000000000     4.000000000000  1000.000000000000     0.001000000047     6.000000000000    90.000000000000     0.004999999888     0.000010000000    -0.048962302506     1.000000000000     0.936848104000
    25.000000000000    25.000000000000     6.000000000000  1500.000000000000     5.000000000000     5.000000000000    35.000000000000     4.000000000000  1000.000000000000     0.001000000047     6.000000000000    90.000000000000     0.004999999888     0.000010000000    -0.081603839993     1.000000000000     0.076720803976
    25.000000000000    25.000000000000     8.000000000000  1500.000000000000     5.000000000000     5.000000000000    35.000000000000     4.000000000000  1000.000000000000     0.001000000047     6.000000000000    90.000000000000     0.004999999888     0.000010000000    -0.114245370030     1.000000000000     0.010061640292
    25.000000000000    25.000000000000    10.000000000000  1500.000000000000     5.000000000000     5.000000000000    35.000000000000     4.000000000000  1000.000000000000     0.001000000047     6.000000000000    90.000000000000     0.004999999888     0.000010000000    -0.146886914968     1.000000000000     0.003277924610
    25.000000000000    25.000000000000     4.000000000000  1500.000000000000     5.000000000000     6.000000000000    40.000000000000     4.000000000000  1000.000000000000     0.001000000047     6.000000000000    90.000000000000     0.004999999888     0.000010000000    -0.055956926197     1.000000000000     0.731956601143
    25.000000000000    25.000000000000     6.000000000000  1500.000000000000     5.000000000000     6.000000000000    40.000000000000     4.000000000000  1000.000000000000     0.001000000047     6.000000000000    90.000000000000     0.004999999888     0.000010000000    -0.093261539936     1.000000000000     0.022769613191
    25.000000000000    25.000000000000     8.000000000000  1500.000000000000     5.000000000000     6.000000000000    40.000000000000     4.000000000000  1000.000000000000     0.001000000047     6.000000000000    90.000000000000     0.004999999888     0.000010000000    -0.130566149950     1.000000000000     0.007358715404
   310.000000000000    50.000000000000     8.000000000000  1500.000000000000     5.000000000000     4.000000000000    30.000000000000     4.000000000000  1000.000000000000     0.001000000047     6.000000000000    90.000000000000     0.004999999888     0.000010000000     0.027865886688     1.000000000000    22.901800155640
   310.000000000000    50.000000000000    10.000000000000  1500.000000000000     5.000000000000     4.000000000000    30.000000000000     4.000000000000  1000.000000000000     0.001000000047     6.000000000000    90.000000000000     0.004999999888     0.000010000000     0.027113258839     1.000000000000    20.954114913940
   310.000000000000    50.000000000000     4.000000000000  1500.000000000000     5.000000000000     5.000000000000    35.000000000000     4.000000000000  1000.000000000000     0.001000000047     6.000000000000    90.000000000000     0.004999999888     0.000010000000     0.029932945967     1.000000000000    34.989521026611
    50.000000000000    50.000000000000     8.000000000000  1500.000000000000     5.000000000000     4.000000000000    30.000000000000     4.000000000000  1000.000000000000     0.001000000047     6.000000000000    90.000000000000     0.004999999888     0.000010000000    -0.250268250704     1.000000000000     0.025071764365
    50.000000000000    50.000000000000    10.000000000000  1500.000000000000     5.000000000000     4.000000000000    30.000000000000     4.000000000000  1000.000000000000     0.001000000047     6.000000000000    90.000000000000     0.004999999888     0.000010000000    -0.321773499250     1.000000000000     0.021142773330
    50.000000000000    50.000000000000     4.000000000000  1500.000000000000     5.000000000000     5.000000000000    35.000000000000     4.000000000000  1000.000000000000     0.001000000047     6.000000000000    90.000000000000     0.004999999888     0.000010000000    -0.125134125352     1.000000000000     1.377492427826
    50.000000000000    50.000000000000     6.000000000000  1500.000000000000     5.000000000000     5.000000000000    35.000000000000     4.000000000000  1000.000000000000     0.001000000047     6.000000000000    90.000000000000     0.004999999888     0.000010000000    -0.208556875587     1.000000000000     0.132227987051
    50.000000000000    50.000000000000     8.000000000000  1500.000000000000     5.000000000000     5.000000000000    35.000000000000     4.000000000000  1000.000000000000     0.001000000047     6.000000000000    90.000000000000     0.004999999888     0.000010000000    -0.291979640722     1.000000000000     0.019991219044
    50.000000000000    50.000000000000    10.000000000000  1500.000000000000     5.000000000000     5.000000000000    35.000000000000     4.000000000000  1000.000000000000     0.001000000047     6.000000000000    90.000000000000     0.004999999888     0.000010000000    -0.375402361155     1.000000000000     0.004920753185
    50.000000000000    50.000000000000     4.000000000000  1500.000000000000     5.000000000000     6.000000000000    40.000000000000     4.000000000000  1000.000000000000     0.001000000047     6.000000000000    90.000000000000     0.004999999888     0.000010000000    -0.143010437489     1.000000000000     0.790522336960
    50.000000000000    50.000000000000     6.000000000000  1500.000000000000     5.000000000000     6.000000000000    40.000000000000     4.000000000000  1000.000000000000     0.001000000047     6.000000000000    90.000000000000     0.004999999888     0.000010000000    -0.238350704312     1.000000000000     0.066314622760
    50.000000000000    50.000000000000     8.000000000000  1500.000000000000     5.000000000000     6.000000000000    40.000000000000     4.000000000000  1000.000000000000     0.001000000047     6.000000000000    90.000000000000     0.004999999888     0.000010000000    -0.333691030741     1.000000000000     0.016379717737
   335.000000000000    25.000000000000     8.000000000000  2000.000000000000     5.000000000000     4.000000000000    30.000000000000     4.000000000000  1000.000000000000     0.001000000047     6.000000000000    90.000000000000     0.004999999888     0.000010000000     0.019037686288     1.000000000000    26.179096221924
   335.000000000000    25.000000000000    10.000000000000  2000.000000000000     5.000000000000     4.000000000000    30.000000000000     4.000000000000  1000.000000000000     0.001000000047     6.000000000000    90.000000000000     0.004999999888     0.000010000000     0.015048474073     1.000000000000    18.533098220825
   335.000000000000    25.000000000000     4.000000000000  2000.000000000000     5.000000000000     5.000000000000    35.000000000000     4.000000000000  1000.000000000000     0.001000000047     6.000000000000    90.000000000000     0.004999999888     0.000010000000     0.018018845469     1.000000000000    15.779666900635
   335.000000000000    25.000000000000     6.000000000000  2000.000000000000     5.000000000000     5.000000000000    35.000000000000     4.000000000000  1000.000000000000     0.001000000047     6.000000000000    90.000000000000     0.004999999888     0.000010000000     0.016698077321     1.000000000000    12.560406684875
   335.000000000000    25.000000000000     8.000000000000  2000.000000000000     5.000000000000     5.000000000000    35.000000000000     4.000000000000  1000.000000000000     0.001000000047     6.000000000000    90.000000000000     0.004999999888     0.000010000000     0.020377323031     1.000000000000    18.895782470703
   335.000000000000    25.000000000000    10.000000000000  2000.000000000000     5.000000000000     5.000000000000    35.000000000000     4.000000000000  1000.000000000000     0.001000000047     6.000000000000    90.000000000000     0.004999999888     0.000010000000     0.019056558609     1.000000000000    17.553543090820
   335.000000000000    25.000000000000     4.000000000000  2000.000000000000     5.000000000000     6.000000000000    40.000000000000     4.000000000000  1000.000000000000     0.001000000047     6.000000000000    90.000000000000     0.004999999888     0.000010000000     0.019021540880     1.000000000000    21.539653778076
    25.000000000000    25.000000000000     8.000000000000  2000.000000000000     5.000000000000     4.000000000000    30.000000000000     4.000000000000  1000.000000000000     0.001000000047     6.000000000000    90.000000000000     0.004999999888     0.000010000000    -0.097924619913     1.000000000000     0.117458991706
    25.000000000000    25.000000000000    10.000000000000  2000.000000000000     5.000000000000     4.000000000000    30.000000000000     4.000000000000  1000.000000000000     0.001000000047     6.000000000000    90.000000000000     0.004999999888     0.000010000000    -0.125903069973     1.000000000000     0.019550736994
    25.000000000000    25.000000000000     4.000000000000  2000.000000000000     5.000000000000     5.000000000000    35.000000000000     4.000000000000  1000.000000000000     0.001000000047     6.000000000000    90.000000000000     0.004999999888     0.000010000000    -0.048962302506     1.000000000000     0.267583638430
    25.000000000000    25.000000000000     6.000000000000  2000.000000000000     5.000000000000     5.000000000000    35.000000000000     4.000000000000  1000.000000000000     0.001000000047     6.000000000000    90.000000000000     0.004999999888     0.000010000000    -0.081603839993     1.000000000000     0.028232151642
    25.000000000000    25.000000000000     8.000000000000  2000.000000000000     5.000000000000     5.000000000000    35.000000000000     4.000000000000  1000.000000000000     0.001000000047     6.000000000000    90.000000000000     0.004999999888     0.000010000000    -0.114245370030     1.000000000000     0.012716107070
    25.000000000000    25.000000000000    10.000000000000  2000.000000000000     5.000000000000     5.000000000000    35.000000000000     4.000000000000  1000.000000000000     0.001000000047     6.000000000000    90.000000000000     0.004999999888     0.000010000000    -0.146886914968     1.000000000000     2.028179168701
    25.000000000000    25.000000000000     4.000000000000  2000.000000000000     5.000000000000     6.000000000000    40.000000000000     4.000000000000  1000.000000000000     0.001000000047     6.000000000000    90.000000000000     0.004999999888     0.000010000000    -0.055956926197     1.000000000000     0.076270744205
    25.000000000000    25.000000000000     6.000000000000  2000.000000000000     5.000000000000     6.000000000000    40.000000000000     4.000000000000  1000.000000000000     0.001000000047     6.000000000000    90.000000000000     0.004999999888     0.000010000000    -0.093261539936     1.000000000000     0.029319401830
   310.000000000000    50.000000000000     8.000000000000  2000.000000000000     5.000000000000     4.000000000000    30.000000000000     4.000000000000  1000.000000000000     0.001000000047     6.000000000000    90.000000000000     0.004999999888     0.000010000000     0.027865886688     1.000000000000    22.948511123657
   310.000000000000    50.000000000000    10.000000000000  2000.000000000000     5.000000000000     4.000000000000    30.000000000000     4.000000000000  1000.000000000000     0.001000000047     6.000000000000    90.000000000000     0.004999999888     0.000010000000     0.027113258839     1.000000000000    27.417997360229
    50.000000000000    50.000000000000     8.000000000000  2000.000000000000     5.000000000000     4.000000000000    30.000000000000     4.000000000000  1000.000000000000     0.001000000047     6.000000000000    90.000000000000     0.004999999888     0.000010000000    -0.250268250704     1.000000000000     0.084560900927
    50.000000000000    50.000000000000    10.000000000000  2000.000000000000     5.000000000000     4.000000000000    30.000000000000     4.000000000000  1000.000000000000     0.001000000047     6.000000000000    90.000000000000     0.004999999888     0.000010000000    -0.321773499250     1.000000000000     0.060888312757
    50.000000000000    50.000000000000     4.000000000000  2000.000000000000     5.000000000000     5.000000000000    35.000000000000     4.000000000000  1000.000000000000     0.001000000047     6.000000000000    90.000000000000     0.004999999888     0.000010000000    -0.125134125352     1.000000000000     3.406803607941
    50.000000000000    50.000000000000     6.000000000000  2000.000000000000     5.000000000000     5.000000000000    35.000000000000     4.000000000000  1000.000000000000     0.001000000047     6.000000000000    90.000000000000     0.004999999888     0.000010000000    -0.208556875587     1.000000000000     0.443077862263
    50.000000000000    50.000000000000     8.000000000000  2000.000000000000     5.000000000000     5.000000000000    35.000000000000     4.000000000000  1000.000000000000     0.001000000047     6.000000000000    90.000000000000     0.004999999888     0.000010000000    -0.291979640722     1.000000000000     0.071548581123
    50.000000000000    50.000000000000    10.000000000000  2000.000000000000     5.000000000000     5.000000000000    35.000000000000     4.000000000000  1000.000000000000     0.001000000047     6.000000000000    90.000000000000     0.004999999888     0.000010000000    -0.375402361155     1.000000000000     0.017836682498
    50.000000000000    50.000000000000     4.000000000000  2000.000000000000     5.000000000000     6.000000000000    40.000000000000     4.000000000000  1000.000000000000     0.001000000047     6.000000000000    90.000000000000     0.004999999888     0.000010000000    -0.143010437489     1.000000000000     2.192703723907
    50.000000000000    50.000000000000     6.000000000000  2000.000000000000     5.000000000000     6.000000000000    40.000000000000     4.000000000000  1000.000000000000     0.001000000047     6.000000000000    90.000000000000     0.004999999888     0.000010000000    -0.238350704312     1.000000000000     0.233628988266
    50.000000000000    50.000000000000     8.000000000000  2000.000000000000     5.000000000000     6.000000000000    40.000000000000     4.000000000000  1000.000000000000     0.001000000047     6.000000000000    90.000000000000     0.004999999888     0.000010000000    -0.333691030741     1.000000000000     0.059712521732
   335.000000000000    25.000000000000     8.000000000000   500.000000000000    10.000000000000     4.000000000000    30.000000000000     4.000000000000  1000.000000000000     0.001000000047     6.000000000000    90.000000000000     0.004999999888     0.000010000000     0.019037686288     1.000000000000     0.536166071892
   335.000000000000    25.000000000000    10.000000000000   500.000000000000    10.000000000000     4.000000000000    30.000000000000     4.000000000000  1000.000000000000     0.001000000047     6.000000000000    90.000000000000     0.004999999888     0.000010000000     0.015048474073     1.000000000000     0.483982682228
   335.000000000000    25.000000000000     4.000000000000   500.000000000000    10.000000000000     5.000000000000    35.000000000000     4.000000000000  1000.000000000000     0.001000000047     6.000000000000    90.000000000000     0.004999999888     0.000010000000     0.018018845469     1.000000000000     0.588379263878
   335.000000000000    25.000000000000     6.000000000000   500.000000000000    10.000000000000     5.000000000000    35.000000000000     4.000000000000  1000.000000000000     0.001000000047     6.000000000000    90.000000000000     0.004999999888     0.000010000000     0.016698077321     1.000000000000     0.410314738750
   335.000000000000    25.000000000000     8.000000000000   500.000000000000    10.000000000000     5.000000000000    35.000000000000     4.000000000000  1000.000000000000     0.001000000047     6.000000000000    90.000000000000     0.004999999888     0.000010000000     0.020377323031     1.000000000000     0.350565463305
   335.000000000000    25.000000000000    10.000000000000   500.000000000000    10.000000000000     5.000000000000    35.000000000000     4.000000000000  1000.000000000000     0.001000000047     6.000000000000    90.000000000000     0.004999999888     0.000010000000     0.019056558609     1.000000000000     0.394117325544
    25.000000000000    25.000000000000     8.000000000000   500.000000000000    10.000000000000     4.000000000000    30.000000000000     4.000000000000  1000.000000000000     0.001000000047     6.000000000000    90.000000000000     0.004999999888     0.000010000000    -0.097924619913     1.000000000000     0.000154704758
    25.000000000000    25.000000000000    10.000000000000   500.000000000000    10.000000000000     4.000000000000    30.000000000000     4.000000000000  1000.000000000000     0.001000000047     6.000000000000    90.000000000000     0.004999999888     0.000010000000    -0.125903069973     1.000000000000     0.000015071859
    25.000000000000    25.000000000000     4.000000000000   500.000000000000    10.000000000000     5.000000000000    35.000000000000     4.000000000000  1000.000000000000     0.001000000047     6.000000000000    90.000000000000     0.004999999888     0.000010000000    -0.048962302506     1.000000000000     0.009775967337
    25.000000000000    25.000000000000     6.000000000000   500.000000000000    10.000000000000     5.000000000000    35.000000000000     4.000000000000  1000.000000000000     0.001000000047     6.000000000000    90.000000000000     0.004999999888     0.000010000000    -0.081603839993     1.000000000000     0.000479420007
    25.000000000000    25.000000000000     8.000000000000   500.000000000000    10.000000000000     5.000000000000    35.000000000000     4.000000000000  1000.000000000000     0.001000000047     6.000000000000    90.000000000000     0.004999999888     0.000010000000    -0.114245370030     1.000000000000     0.000049361064
    25.000000000000    25.000000000000    10.000000000000   500.000000000000    10.000000000000     5.000000000000    35.000000000000     4.000000000000  1000.000000000000     0.001000000047     6.000000000000    90.000000000000     0.004999999888     0.000010000000    -0.146886914968     1.000000000000     0.000015288737
    25.000000000000    25.000000000000     4.000000000000   500.000000000000    10.000000000000     6.000000000000    40.000000000000     4.000000000000  1000.000000000000     0.001000000047     6.000000000000    90.000000000000     0.004999999888     0.000010000000    -0.055956926197     1.000000000000     0.006478019990
    25.000000000000    25.000000000000     6.000000000000   500.000000000000    10.000000000000     6.000000000000    40.000000000000     4.000000000000  1000.000000000000     0.001000000047     6.000000000000    90.000000000000     0.004999999888     0.000010000000    -0.093261539936     1.000000000000     0.000090724367
    25.000000000000    25.000000000000     8.000000000000   500.000000000000    10.000000000000     6.000000000000    40.000000000000     4.000000000000  1000.000000000000     0.001000000047     6.000000000000    90.000000000000     0.004999999888     0.000010000000    -0.130566149950     1.000000000000     0.000051119256
   310.000000000000    50.000000000000     8.000000000000   500.000000000000    10.000000000000     4.000000000000    30.000000000000     4.000000000000  1000.000000000000     0.001000000047     6.000000000000    90.000000000000     0.004999999888     0.000010000000     0.027865886688     1.000000000000     0.565547585487
   310.000000000000    50.000000000000    10.000000000000   500.000000000000    10.000000000000     4.000000000000    30.000000000000     4.000000000000  1000.000000000000     0.001000000047     6.000000000000    90.000000000000     0.004999999888     0.000010000000     0.027113258839     1.000000000000     0.485691279173
    50.000000000000    50.000000000000     8.000000000000   500.000000000000    10.000000000000     4.000000000000    30.000000000000     4.000000000000  1000.000000000000     0.001000000047     6.000000000000    90.000000000000     0.004999999888     0.000010000000    -0.250268250704     1.000000000000     0.000116882227
    50.000000000000    50.000000000000    10.000000000000   500.000000000000    10.000000000000     4.000000000000    30.000000000000     4.000000000000  1000.000000000000     0.001000000047     6.000000000000    90.000000000000     0.004999999888     0.000010000000    -0.321773499250     1.000000000000     0.000081593294
    50.000000000000    50.000000000000     4.000000000000   500.000000000000    10.000000000000     5.000000000000    35.000000000000     4.000000000000  1000.000000000000     0.001000000047     6.000000000000    90.000000000000     0.004999999888     0.000010000000    -0.125134125352     1.000000000000     0.014654735103
    50.000000000000    50.000000000000     6.000000000000   500.000000000000    10.000000000000     5.000000000000    35.000000000000     4.000000000000  1000.000000000000     0.001000000047     6.000000000000    90.000000000000     0.004999999888     0.000010000000    -0.208556875587     1.000000000000     0.000607524416
    50.000000000000    50.000000000000     8.000000000000   500.000000000000    10.000000000000     5.000000000000    35.000000000000     4.000000000000  1000.000000000000     0.001000000047     6.000000000000    90.000000000000     0.004999999888     0.000010000000    -0.291979640722     1.000000000000     0.000055918954
    50.000000000000    50.000000000000    10.000000000000   500.000000000000    10.000000000000     5.000000000000    35.000000000000     4.000000000000  1000.000000000000     0.001000000047     6.000000000000    90.000000000000     0.004999999888     0.000010000000    -0.375402361155     1.000000000000     0.000005155745
    50.000000000000    50.000000000000     4.000000000000   500.000000000000    10.000000000000     6.000000000000    40.000000000000     4.000000000000  1000.000000000000     0.001000000047     6.000000000000    90.000000000000     0.004999999888     0.000010000000    -0.143010437489     1.000000000000     0.007181703579
    50.000000000000    50.000000000000     6.000000000000   500.000000000000    10.000000000000     6.000000000000    40.000000000000     4.000000000000  1000.000000000000     0.001000000047     6.000000000000    90.000000000000     0.004999999888     0.000010000000    -0.238350704312     1.000000000000     0.000302806642
    50.000000000000    50.000000000000     8.000000000000   500.000000000000    10.000000000000     6.000000000000    40.000000000000     4.000000000000  1000.000000000000     0.001000000047     6.000000000000    90.000000000000     0.004999999888     0.000010000000    -0.333691030741     1.000000000000     0.000055747212
   335.000000000000    25.000000000000     8.000000000000  1000.000000000000    10.000000000000     4.000000000000    30.000000000000     4.000000000000  1000.000000000000     0.001000000047     6.000000000000    90.000000000000     0.004999999888     0.000010000000     0.019037686288     1.000000000000     8.842522621155
   335.000000000000    25.000000000000    10.000000000000  1000.000000000000    10.000000000000     4.000000000000    30.000000000000     4.000000000000  1000.000000000000     0.001000000047     6.000000000000    90.000000000000     0.004999999888     0.000010000000     0.015048474073     1.000000000000     7.933471202850
   335.000000000000    25.000000000000     4.000000000000  1000.000000000000    10.000000000000     5.000000000000    35.000000000000     4.000000000000  1000.000000000000     0.001000000047     6.000000000000    90.000000000000     0.004999999888     0.000010000000     0.018018845469     1.000000000000     9.516969680786
   335.000000000000    25.000000000000     6.000000000000  1000.000000000000    10.000000000000     5.000000000000    35.000000000000     4.000000000000  1000.000000000000     0.001000000047     6.000000000000    90.000000000000     0.004999999888     0.000010000000     0.016698077321     1.000000000000     6.946746826172
   335.000000000000    25.000000000000     8.000000000000  1000.000000000000    10.000000000000     5.000000000000    35.000000000000     4.000000000000  1000.000000000000     0.001000000047     6.000000000000    90.000000000000     0.004999999888     0.000010000000     0.020377323031     1.000000000000     5.910361766815
   335.000000000000    25.000000000000    10.000000000000  1000.000000000000    10.000000000000     5.000000000000    35.000000000000     4.000000000000  1000.000000000000     0.001000000047     6.000000000000    90.000000000000     0.004999999888     0.000010000000     0.019056558609     1.000000000000     6.448751449585
   335.000000000000    25.000000000000     4.000000000000  1000.000000000000    10.000000000000     6.000000000000    40.000000000000     4.000000000000  1000.000000000000     0.001000000047     6.000000000000    90.000000000000     0.004999999888     0.000010000000     0.019021540880     1.000000000000     9.995043754578
    25.000000000000    25.000000000000     8.000000000000  1000.000000000000    10.000000000000     4.000000000000    30.000000000000     4.000000000000  1000.000000000000     0.001000000047     6.000000000000    90.000000000000     0.004999999888     0.000010000000    -0.097924619913     1.000000000000     0.006348055787
    25.000000000000    25.000000000000    10.000000000000  1000.000000000000    10.000000000000     4.000000000000    30.000000000000     4.000000000000  1000.000000000000     0.001000000047     6.000000000000    90.000000000000     0.004999999888     0.000010000000    -0.125903069973     1.000000000000     0.001161923632
    25.000000000000    25.000000000000     4.000000000000  1000.000000000000    10.000000000000     5.000000000000    35.000000000000     4.000000000000  1000.000000000000     0.001000000047     6.000000000000    90.000000000000     0.004999999888     0.000010000000    -0.048962302506     1.000000000000     0.190014347434
    25.000000000000    25.000000000000     6.000000000000  1000.000000000000    10.000000000000     5.000000000000    35.000000000000     4.000000000000  1000.000000000000     0.001000000047     6.000000000000    90.000000000000     0.004999999888     0.000010000000    -0.081603839993     1.000000000000     0.015395886265
    25.000000000000    25.000000000000     8.000000000000  1000.000000000000    10.000000000000     5.000000000000    35.000000000000     4.000000000000  1000.000000000000     0.001000000047     6.000000000000    90.000000000000     0.004999999888     0.000010000000    -0.114245370030     1.000000000000     0.001387818833
    25.000000000000    25.000000000000    10.000000000000  1000.000000000000    10.000000000000     5.000000000000    35.000000000000     4.000000000000  1000.000000000000     0.001000000047     6.000000000000    90.000000000000     0.004999999888     0.000010000000    -0.146886914968     1.000000000000     0.001133562531
    25.000000000000    25.000000000000     4.000000000000  1000.000000000000    10.000000000000     6.000000000000    40.000000000000     4.000000000000  1000.000000000000     0.001000000047     6.000000000000    90.000000000000     0.004999999888     0.000010000000    -0.055956926197     1.000000000000     0.142833486199
    25.000000000000    25.000000000000     6.000000000000  1000.000000000000    10.000000000000     6.000000000000    40.000000000000     4.000000000000  1000.000000000000     0.001000000047     6.000000000000    90.000000000000     0.004999999888     0.000010000000    -0.093261539936     1.000000000000     0.003287343075
    25.000000000000    25.000000000000     8.000000000000  1000.000000000000    10.000000000000     6.000000000000    40.000000000000     4.000000000000  1000.000000000000     0.001000000047     6.000000000000    90.000000000000     0.004999999888     0.000010000000    -0.130566149950     1.000000000000     0.001041047275
   310.000000000000    50.000000000000     8.000000000000  1000.000000000000    10.000000000000     4.000000000000    30.000000000000     4.000000000000  1000.000000000000     0.001000000047     6.000000000000    90.000000000000     0.004999999888     0.000010000000     0.027865886688     1.000000000000     8.968233108521
   310.000000000000    50.000000000000    10.000000000000  1000.000000000000    10.000000000000     4.000000000000    30.000000000000     4.000000000000  1000.000000000000     0.001000000047     6.000000000000    90.000000000000     0.004999999888     0.000010000000     0.027113258839     1.000000000000     7.731917381287
   310.000000000000    50.000000000000     4.000000000000  1000.000000000000    10.000000000000     5.000000000000    35.000000000000     4.000000000000  1000.000000000000     0.001000000047     6.000000000000    90.000000000000     0.004999999888     0.000010000000     0.029932945967     1.000000000000    13.823848724365
   310.000000000000    50.000000000000     6.000000000000  1000.000000000000    10.000000000000     5.000000000000    35.000000000000     4.000000000000  1000.000000000000     0.001000000047     6.000000000000    90.000000000000     0.004999999888     0.000010000000     0.033221572638     1.000000000000     9.338165283203
   310.000000000000    50.000000000000     8.000000000000  1000.000000000000    10.000000000000     5.000000000000    35.000000000000     4.000000000000  1000.000000000000     0.001000000047     6.000000000000    90.000000000000     0.004999999888     0.000010000000     0.031510174274     1.000000000000     5.808462142944
    50.000000000000    50.000000000000     8.000000000000  1000.000000000000    10.000000000000     4.000000000000    30.000000000000     4.000000000000  1000.000000000000     0.001000000047     6.000000000000    90.000000000000     0.004999999888     0.000010000000    -0.250268250704     1.000000000000     0.004703675862
    50.000000000000    50.000000000000    10.000000000000  1000.000000000000    10.000000000000     4.000000000000    30.000000000000     4.000000000000  1000.000000000000     0.001000000047     6.000000000000    90.000000000000     0.004999999888     0.000010000000    -0.321773499250     1.000000000000     0.003311076434
    50.000000000000    50.000000000000     4.000000000000  1000.000000000000    10.000000000000     5.000000000000    35.000000000000     4.000000000000  1000.000000000000     0.001000000047     6.000000000000    90.000000000000     0.004999999888     0.000010000000    -0.125134125352     1.000000000000     0.262026071548
    50.000000000000    50.000000000000     6.000000000000  1000.000000000000    10.000000000000     5.000000000000    35.000000000000     4.000000000000  1000.000000000000     0.001000000047     6.000000000000    90.000000000000     0.004999999888     0.000010000000    -0.208556875587     1.000000000000     0.027355652303
    50.000000000000    50.000000000000     8.000000000000  1000.000000000000    10.000000000000     5.000000000000    35.000000000000     4.000000000000  1000.000000000000     0.001000000047     6.000000000000    90.000000000000     0.004999999888     0.000010000000    -0.291979640722     1.000000000000     0.003534821328
    50.000000000000    50.000000000000    10.000000000000  1000.000000000000    10.000000000000     5.000000000000    35.000000000000     4.000000000000  1000.000000000000     0.001000000047     6.000000000000    90.000000000000     0.004999999888     0.000010000000    -0.375402361155     1.000000000000     0.000556121813
    50.000000000000    50.000000000000     4.000000000000  1000.000000000000    10.000000000000     6.000000000000    40.000000000000     4.000000000000  1000.000000000000     0.001000000047     6.000000000000    90.000000000000     0.004999999888     0.000010000000    -0.143010437489     1.000000000000     0.163590982556
    50.000000000000    50.000000000000     6.000000000000  1000.000000000000    10.000000000000     6.000000000000    40.000000000000     4.000000000000  1000.000000000000     0.001000000047     6.000000000000    90.000000000000     0.004999999888     0.000010000000    -0.238350704312     1.000000000000     0.011601485312
    50.000000000000    50.000000000000     8.000000000000  1000.000000000000    10.000000000000     6.000000000000    40.000000000000     4.000000000000  1000.000000000000     0.001000000047     6.000000000000    90.000000000000     0.004999999888     0.000010000000    -0.333691030741     1.000000000000     0.002598148072
   335.000000000000    25.000000000000     8.000000000000  1500.000000000000    10.000000000000     4.000000000000    30.000000000000     4.000000000000  1000.000000000000     0.001000000047     6.000000000000    90.000000000000     0.004999999888     0.000010000000     0.019037686288     1.000000000000    24.602172851562
   335.000000000000    25.000000000000    10.000000000000  1500.000000000000    10.000000000000     4.000000000000    30.000000000000     4.000000000000  1000.000000000000     0.001000000047     6.000000000000    90.000000000000     0.004999999888     0.000010000000     0.015048474073     1.000000000000    19.116142272949
   335.000000000000    25.000000000000     4.000000000000  1500.000000000000    10.000000000000     5.000000000000    35.000000000000     4.000000000000  1000.000000000000     0.001000000047     6.000000000000    90.000000000000     0.004999999888     0.000010000000     0.018018845469     1.000000000000    21.725938796997
   335.000000000000    25.000000000000     6.000000000000  1500.000000000000    10.000000000000     5.000000000000    35.000000000000     4.000000000000  1000.000000000000     0.001000000047     6.000000000000    90.000000000000     0.004999999888     0.000010000000     0.016698077321     1.000000000000    16.648347854614
   335.000000000000    25.000000000000     8.000000000000  1500.000000000000    10.000000000000     5.000000000000    35.000000000000     4.000000000000  1000.000000000000     0.001000000047     6.000000000000    90.000000000000     0.004999999888     0.000010000000     0.020377323031     1.000000000000    19.690956115723
   335.000000000000    25.000000000000    10.000000000000  1500.000000000000    10.000000000000     5.000000000000    35.000000000000     4.000000000000  1000.000000000000     0.001000000047     6.000000000000    90.000000000000     0.004999999888     0.000010000000     0.019056558609     1.000000000000    21.132781982422
   335.000000000000    25.000000000000     4.000000000000  1500.000000000000    10.000000000000     6.000000000000    40.000000000000     4.000000000000  1000.000000000000     0.001000000047     6.000000000000    90.000000000000     0.004999999888     0.000010000000     0.019021540880     1.000000000000    26.233036041260
   310.000000000000    50.000000000000     8.000000000000  1500.000000000000    10.000000000000     4.000000000000    30.000000000000     4.000000000000  1000.000000000000     0.001000000047     6.000000000000    90.000000000000     0.004999999888     0.000010000000     0.027865886688     1.000000000000    23.545852661133
   310.000000000000    50.000000000000    10.000000000000  1500.000000000000    10.000000000000     4.000000000000    30.000000000000     4.000000000000  1000.000000000000     0.001000000047     6.000000000000    90.000000000000     0.004999999888     0.000010000000     0.027113258839     1.000000000000    21.102937698364
   310.000000000000    50.000000000000     4.000000000000  1500.000000000000    10.000000000000     5.000000000000    35.000000000000     4.000000000000  1000.000000000000     0.001000000047     6.000000000000    90.000000000000     0.004999999888     0.000010000000     0.029932945967     1.000000000000    35.082138061523
   310.000000000000    50.000000000000     6.000000000000  1500.000000000000    10.000000000000     5.000000000000    35.000000000000     4.000000000000  1000.000000000000     0.001000000047     6.000000000000    90.000000000000     0.004999999888     0.000010000000     0.033221572638     1.000000000000    29.110120773315
   310.000000000000    50.000000000000     8.000000000000  1500.000000000000    10.000000000000     5.000000000000    35.000000000000     4.000000000000  1000.000000000000     0.001000000047     6.000000000000    90.000000000000     0.004999999888     0.000010000000     0.031510174274     1.000000000000    16.107030868530
    50.000000000000    50.000000000000     8.000000000000  1500.000000000000    10.000000000000     4.000000000000    30.000000000000     4.000000000000  1000.000000000000     0.001000000047     6.000000000000    90.000000000000     0.004999999888     0.000010000000    -0.250268250704     1.000000000000     0.024632051587
    50.000000000000    50.000000000000    10.000000000000  1500.000000000000    10.000000000000     4.000000000000    30.000000000000     4.000000000000  1000.000000000000     0.001000000047     6.000000000000    90.000000000000     0.004999999888     0.000010000000    -0.321773499250     1.000000000000     0.017910372466
    50.000000000000    50.000000000000     4.000000000000  1500.000000000000    10.000000000000     5.000000000000    35.000000000000     4.000000000000  1000.000000000000     0.001000000047     6.000000000000    90.000000000000     0.004999999888     0.000010000000    -0.125134125352     1.000000000000     1.392436861992
    50.000000000000    50.000000000000     6.000000000000  1500.000000000000    10.000000000000     5.000000000000    35.000000000000     4.000000000000  1000.000000000000     0.001000000047     6.000000000000    90.000000000000     0.004999999888     0.000010000000    -0.208556875587     1.000000000000     0.146685838699
    50.000000000000    50.000000000000     8.000000000000  1500.000000000000    10.000000000000     5.000000000000    35.000000000000     4.000000000000  1000.000000000000     0.001000000047     6.000000000000    90.000000000000     0.004999999888     0.000010000000    -0.291979640722     1.000000000000     0.021115662530
    50.000000000000    50.000000000000    10.000000000000  1500.000000000000    10.000000000000     5.000000000000    35.000000000000     4.000000000000  1000.000000000000     0.001000000047     6.000000000000    90.000000000000     0.004999999888     0.000010000000    -0.375402361155     1.000000000000     0.004967898130
    50.000000000000    50.000000000000     4.000000000000  1500.000000000000    10.000000000000     6.000000000000    40.000000000000     4.000000000000  1000.000000000000     0.001000000047     6.000000000000    90.000000000000     0.004999999888     0.000010000000    -0.143010437489     1.000000000000     0.831739962101
    50.000000000000    50.000000000000     6.000000000000  1500.000000000000    10.000000000000     6.000000000000    40.000000000000     4.000000000000  1000.000000000000     0.001000000047     6.000000000000    90.000000000000     0.004999999888     0.000010000000    -0.238350704312     1.000000000000     0.067875713110
    50.000000000000    50.000000000000     8.000000000000  1500.000000000000    10.000000000000     6.000000000000    40.000000000000     4.000000000000  1000.000000000000     0.001000000047     6.000000000000    90.000000000000     0.004999999888     0.000010000000    -0.333691030741     1.000000000000     0.016951303929
   335.000000000000    25.000000000000     8.000000000000  2000.000000000000    10.000000000000     4.000000000000    30.000000000000     4.000000000000  1000.000000000000     0.001000000047     6.000000000000    90.000000000000     0.004999999888     0.000010000000     0.019037686288     1.000000000000    26.243337631226
   335.000000000000    25.000000000000    10.000000000000  2000.000000000000    10.000000000000     4.000000000000    30.000000000000     4.000000000000  1000.000000000000     0.001000000047     6.000000000000    90.000000000000     0.004999999888     0.000010000000     0.015048474073     1.000000000000    18.798082351685
   335.000000000000    25.000000000000     4.000000000000  2000.000000000000    10.000000000000     5.000000000000    35.000000000000     4.000000000000  1000.000000000000     0.001000000047     6.000000000000    90.000000000000     0.004999999888     0.000010000000     0.018018845469     1.000000000000    15.618110656738
   335.000000000000    25.000000000000     6.000000000000  2000.000000000000    10.000000000000     5.000000000000    35.000000000000     4.000000000000  1000.000000000000     0.001000000047     6.000000000000    90.000000000000     0.004999999888     0.000010000000     0.016698077321     1.000000000000    12.646453857422
   335.000000000000    25.000000000000     8.000000000000  2000.000000000000    10.000000000000     5.000000000000    35.000000000000     4.000000000000  1000.000000000000     0.001000000047     6.000000000000    90.000000000000     0.004999999888     0.000010000000     0.020377323031     1.000000000000    18.745635986328
   335.000000000000    25.000000000000    10.000000000000  2000.000000000000    10.000000000000     5.000000000000    35.000000000000     4.000000000000  1000.000000000000     0.001000000047     6.000000000000    90.000000000000     0.004999999888     0.000010000000     0.019056558609     1.000000000000    17.678735733032
   335.000000000000    25.000000000000     4.000000000000  2000.000000000000    10.000000000000     6.000000000000    40.000000000000     4.000000000000  1000.000000000000     0.001000000047     6.000000000000    90.000000000000     0.004999999888     0.000010000000     0.019021540880     1.000000000000    21.849576950073
   335.000000000000    25.000000000000     6.000000000000  2000.000000000000    10.000000000000     6.000000000000    40.000000000000     4.000000000000  1000.000000000000     0.001000000047     6.000000000000    90.000000000000     0.004999999888     0.000010000000     0.020369224250     1.000000000000    11.259074211121
    25.000000000000    25.000000000000     8.000000000000  2000.000000000000    10.000000000000     4.000000000000    30.000000000000     4.000000000000  1000.000000000000     0.001000000047     6.000000000000    90.000000000000     0.004999999888     0.000010000000    -0.097924619913     1.000000000000     0.127586036921
    25.000000000000    25.000000000000    10.000000000000  2000.000000000000    10.000000000000     4.000000000000    30.000000000000     4.000000000000  1000.000000000000     0.001000000047     6.000000000000    90.000000000000     0.004999999888     0.000010000000    -0.125903069973     1.000000000000     0.019123423845
    25.000000000000    25.000000000000     4.000000000000  2000.000000000000    10.000000000000     5.000000000000    35.000000000000     4.000000000000  1000.000000000000     0.001000000047     6.000000000000    90.000000000000     0.004999999888     0.000010000000    -0.048962302506     1.000000000000     2.433742046356
    25.000000000000    25.000000000000     6.000000000000  2000.000000000000    10.000000000000     5.000000000000    35.000000000000     4.000000000000  1000.000000000000     0.001000000047     6.000000000000    90.000000000000     0.004999999888     0.000010000000    -0.081603839993     1.000000000000     0.240626618266
    25.000000000000    25.000000000000     8.000000000000  2000.000000000000    10.000000000000     5.000000000000    35.000000000000     4.000000000000  1000.000000000000     0.001000000047     6.000000000000    90.000000000000     0.004999999888     0.000010000000    -0.114245370030     1.000000000000     0.028473291546
    25.000000000000    25.000000000000    10.000000000000  2000.000000000000    10.000000000000     5.000000000000    35.000000000000     4.000000000000  1000.000000000000     0.001000000047     6.000000000000    90.000000000000     0.004999999888     0.000010000000    -0.146886914968     1.000000000000     0.014729753137
    25.000000000000    25.000000000000     4.000000000000  2000.000000000000    10.000000000000     6.000000000000    40.000000000000     4.000000000000  1000.000000000000     0.001000000047     6.000000000000    90.000000000000     0.004999999888     0.000010000000    -0.055956926197     1.000000000000     2.071838378906
    25.000000000000    25.000000000000     6.000000000000  2000.000000000000    10.000000000000     6.000000000000    40.000000000000     4.000000000000  1000.000000000000     0.001000000047     6.000000000000    90.000000000000     0.004999999888     0.000010000000    -0.093261539936     1.000000000000     0.068918980658
    25.000000000000    25.000000000000     8.000000000000  2000.000000000000    10.000000000000     6.000000000000    40.000000000000     4.000000000000  1000.000000000000     0.001000000047     6.000000000000    90.000000000000     0.004999999888     0.000010000000    -0.130566149950     1.000000000000     0.034805294126
   310.000000000000    50.000000000000     8.000000000000  2000.000000000000    10.000000000000     4.000000000000    30.000000000000     4.000000000000  1000.000000000000     0.001000000047     6.000000000000    90.000000000000     0.004999999888     0.000010000000     0.027865886688     1.000000000000    23.625270843506
   310.000000000000    50.000000000000    10.000000000000  2000.000000000000    10.000000000000     4.000000000000    30.000000000000     4.000000000000  1000.000000000000     0.001000000047     6.000000000000    90.000000000000     0.004999999888     0.000010000000     0.027113258839     1.000000000000    27.286413192749
    50.000000000000    50.000000000000     8.000000000000  2000.000000000000    10.000000000000     4.000000000000    30.000000000000     4.000000000000  1000.000000000000     0.001000000047     6.000000000000    90.000000000000     0.004999999888     0.000010000000    -0.250268250704     1.000000000000     0.086355425417
    50.000000000000    50.000000000000    10.000000000000  2000.000000000000    10.000000000000     4.000000000000    30.000000000000     4.000000000000  1000.000000000000     0.001000000047     6.000000000000    90.000000000000     0.004999999888     0.000010000000    -0.321773499250     1.000000000000     0.057370696217
    50.000000000000    50.000000000000     4.000000000000  2000.000000000000    10.000000000000     5.000000000000    35.000000000000     4.000000000000  1000.000000000000     0.001000000047     6.000000000000    90.000000000000     0.004999999888     0.000010000000    -0.125134125352     1.000000000000     3.602718353271
    50.000000000000    50.000000000000     6.000000000000  2000.000000000000    10.000000000000     5.000000000000    35.000000000000     4.000000000000  1000.000000000000     0.001000000047     6.000000000000    90.000000000000     0.004999999888     0.000010000000    -0.208556875587     1.000000000000     0.470970898867
    50.000000000000    50.000000000000     8.000000000000  2000.000000000000    10.000000000000     5.000000000000    35.000000000000     4.000000000000  1000.000000000000     0.001000000047     6.000000000000    90.000000000000     0.004999999888     0.000010000000    -0.291979640722     1.000000000000     0.071861997247
    50.000000000000    50.000000000000    10.000000000000  2000.000000000000    10.000000000000     5.000000000000    35.000000000000     4.000000000000  1000.000000000000     0.001000000047     6.000000000000    90.000000000000     0.004999999888     0.000010000000    -0.375402361155     1.000000000000     0.018788222224
    50.000000000000    50.000000000000     4.000000000000  2000.000000000000    10.000000000000     6.000000000000    40.000000000000     4.000000000000  1000.000000000000     0.001000000047     6.000000000000    90.000000000000     0.004999999888     0.000010000000    -0.143010437489     1.000000000000     2.210728883743
    50.000000000000    50.000000000000     6.000000000000  2000.000000000000    10.000000000000     6.000000000000    40.000000000000     4.000000000000  1000.000000000000     0.001000000047     6.000000000000    90.000000000000     0.004999999888     0.000010000000    -0.238350704312     1.000000000000     0.213352218270
    50.000000000000    50.000000000000     8.000000000000  2000.000000000000    10.000000000000     6.000000000000    40.000000000000     4.000000000000  1000.000000000000     0.001000000047     6.000000000000    90.000000000000     0.004999999888     0.000010000000    -0.333691030741     1.000000000000     0.059006661177
   335.000000000000    25.000000000000     8.000000000000   500.000000000000    15.000000000000     4.000000000000    30.000000000000     4.000000000000  1000.000000000000     0.001000000047     6.000000000000    90.000000000000     0.004999999888     0.000010000000     0.019037686288     1.000000000000     0.535139203072
   335.000000000000    25.000000000000    10.000000000000   500.000000000000    15.000000000000     4.000000000000    30.000000000000     4.000000000000  1000.000000000000     0.001000000047     6.000000000000    90.000000000000     0.004999999888     0.000010000000     0.015048474073     1.000000000000     0.477748066187
   335.000000000000    25.000000000000     4.000000000000   500.000000000000    15.000000000000     5.000000000000    35.000000000000     4.000000000000  1000.000000000000     0.001000000047     6.000000000000    90.000000000000     0.004999999888     0.000010000000     0.018018845469     1.000000000000     0.584892332554
   335.000000000000    25.000000000000     6.000000000000   500.000000000000    15.000000000000     5.000000000000    35.000000000000     4.000000000000  1000.000000000000     0.001000000047     6.000000000000    90.000000000000     0.004999999888     0.000010000000     0.016698077321     1.000000000000     0.426100552082
   335.000000000000    25.000000000000     8.000000000000   500.000000000000    15.000000000000     5.000000000000    35.000000000000     4.000000000000  1000.000000000000     0.001000000047     6.000000000000    90.000000000000     0.004999999888     0.000010000000     0.020377323031     1.000000000000     0.364939838648
   335.000000000000    25.000000000000    10.000000000000   500.000000000000    15.000000000000     5.000000000000    35.000000000000     4.000000000000  1000.000000000000     0.001000000047     6.000000000000    90.000000000000     0.004999999888     0.000010000000     0.019056558609     1.000000000000     0.397644340992
   335.000000000000    25.000000000000     4.000000000000   500.000000000000    15.000000000000     6.000000000000    40.000000000000     4.000000000000  1000.000000000000     0.001000000047     6.000000000000    90.000000000000     0.004999999888     0.000010000000     0.019021540880     1.000000000000     0.611163616180
    25.000000000000    25.000000000000     8.000000000000   500.000000000000    15.000000000000     4.000000000000    30.000000000000     4.000000000000  1000.000000000000     0.001000000047     6.000000000000    90.000000000000     0.004999999888     0.000010000000    -0.097924619913     1.000000000000     0.000177074442
    25.000000000000    25.000000000000    10.000000000000   500.000000000000    15.000000000000     4.000000000000    30.000000000000     4.000000000000  1000.000000000000     0.001000000047     6.000000000000    90.000000000000     0.004999999888     0.000010000000    -0.125903069973     1.000000000000     0.000036318987
    25.000000000000    25.000000000000     4.000000000000   500.000000000000    15.000000000000     5.000000000000    35.000000000000     4.000000000000  1000.000000000000     0.001000000047     6.000000000000    90.000000000000     0.004999999888     0.000010000000    -0.048962302506     1.000000000000     0.009884730913
    25.000000000000    25.000000000000     6.000000000000   500.000000000000    15.000000000000     5.000000000000    35.000000000000     4.000000000000  1000.000000000000     0.001000000047     6.000000000000    90.000000000000     0.004999999888     0.000010000000    -0.081603839993     1.000000000000     0.000612223113
    25.000000000000    25.000000000000     8.000000000000   500.000000000000    15.000000000000     5.000000000000    35.000000000000     4.000000000000  1000.000000000000     0.001000000047     6.000000000000    90.000000000000     0.004999999888     0.000010000000    -0.114245370030     1.000000000000     0.000068983347
    25.000000000000    25.000000000000    10.000000000000   500.000000000000    15.000000000000     5.000000000000    35.000000000000     4.000000000000  1000.000000000000     0.001000000047     6.000000000000    90.000000000000     0.004999999888     0.000010000000    -0.146886914968     1.000000000000     0.000014639025
    25.000000000000    25.000000000000     4.000000000000   500.000000000000    15.000000000000     6.000000000000    40.000000000000     4.000000000000  1000.000000000000     0.001000000047     6.000000000000    90.000000000000     0.004999999888     0.000010000000    -0.055956926197     1.000000000000     0.006632295903
    25.000000000000    25.000000000000     6.000000000000   500.000000000000    15.000000000000     6.000000000000    40.000000000000     4.000000000000  1000.000000000000     0.001000000047     6.000000000000    90.000000000000     0.004999999888     0.000010000000    -0.093261539936     1.000000000000     0.000110642606
    25.000000000000    25.000000000000     8.000000000000   500.000000000000    15.000000000000     6.000000000000    40.000000000000     4.000000000000  1000.000000000000     0.001000000047     6.000000000000    90.000000000000     0.004999999888     0.000010000000    -0.130566149950     1.000000000000     0.000030539199
   310.000000000000    50.000000000000     8.000000000000   500.000000000000    15.000000000000     4.000000000000    30.000000000000     4.000000000000  1000.000000000000     0.001000000047     6.000000000000    90.000000000000     0.004999999888     0.000010000000     0.027865886688     1.000000000000     0.548928022385
   310.000000000000    50.000000000000    10.000000000000   500.000000000000    15.000000000000     4.000000000000    30.000000000000     4.000000000000  1000.000000000000     0.001000000047     6.000000000000    90.000000000000     0.004999999888     0.000010000000     0.027113258839     1.000000000000     0.479611963034
   310.000000000000    50.000000000000     4.000000000000   500.000000000000    15.000000000000     5.000000000000    35.000000000000     4.000000000000  1000.000000000000     0.001000000047     6.000000000000    90.000000000000     0.004999999888     0.000010000000     0.029932945967     1.000000000000     0.862984597683
   310.000000000000    50.000000000000     6.000000000000   500.000000000000    15.000000000000     5.000000000000    35.000000000000     4.000000000000  1000.000000000000     0.001000000047     6.000000000000    90.000000000000     0.004999999888     0.000010000000     0.033221572638     1.000000000000     0.564329087734
    50.000000000000    50.000000000000     8.000000000000   500.000000000000    15.000000000000     4.000000000000    30.000000000000     4.000000000000  1000.000000000000     0.001000000047     6.000000000000    90.000000000000     0.004999999888     0.000010000000    -0.250268250704     1.000000000000     0.000064197950
    50.000000000000    50.000000000000    10.000000000000   500.000000000000    15.000000000000     4.000000000000    30.000000000000     4.000000000000  1000.000000000000     0.001000000047     6.000000000000    90.000000000000     0.004999999888     0.000010000000    -0.321773499250     1.000000000000     0.000098362034
    50.000000000000    50.000000000000     4.000000000000   500.000000000000    15.000000000000     5.000000000000    35.000000000000     4.000000000000  1000.000000000000     0.001000000047     6.000000000000    90.000000000000     0.004999999888     0.000010000000    -0.125134125352     1.000000000000     0.013014961034
    50.000000000000    50.000000000000     6.000000000000   500.000000000000    15.000000000000     5.000000000000    35.000000000000     4.000000000000  1000.000000000000     0.001000000047     6.000000000000    90.000000000000     0.004999999888     0.000010000000    -0.208556875587     1.000000000000     0.000935669872
    50.000000000000    50.000000000000     8.000000000000   500.000000000000    15.000000000000     5.000000000000    35.000000000000     4.000000000000  1000.000000000000     0.001000000047     6.000000000000    90.000000000000     0.004999999888     0.000010000000    -0.291979640722     1.000000000000     0.000076700679
    50.000000000000    50.000000000000    10.000000000000   500.000000000000    15.000000000000     5.000000000000    35.000000000000     4.000000000000  1000.000000000000     0.001000000047     6.000000000000    90.000000000000     0.004999999888     0.000010000000    -0.375402361155     1.000000000000     0.000007706970
    50.000000000000    50.000000000000     4.000000000000   500.000000000000    15.000000000000     6.000000000000    40.000000000000     4.000000000000  1000.000000000000     0.001000000047     6.000000000000    90.000000000000     0.004999999888     0.000010000000    -0.143010437489     1.000000000000     0.007120015100
    50.000000000000    50.000000000000     6.000000000000   500.000000000000    15.000000000000     6.000000000000    40.000000000000     4.000000000000  1000.000000000000     0.001000000047     6.000000000000    90.000000000000     0.004999999888     0.000010000000    -0.238350704312     1.000000000000     0.000307085313
    50.000000000000    50.000000000000     8.000000000000   500.000000000000    15.000000000000     6.000000000000    40.000000000000     4.000000000000  1000.000000000000     0.001000000047     6.000000000000    90.000000000000     0.004999999888     0.000010000000    -0.333691030741     1.000000000000     0.000066887340
    50.000000000000    50.000000000000    10.000000000000   500.000000000000    15.000000000000     6.000000000000    40.000000000000     4.000000000000  1000.000000000000     0.001000000047     6.000000000000    90.000000000000     0.004999999888     0.000010000000    -0.429031252861     1.000000000000     0.000010305513
   335.000000000000    25.000000000000     8.000000000000  1000.000000000000    15.000000000000     4.000000000000    30.000000000000     4.000000000000  1000.000000000000     0.001000000047     6.000000000000    90.000000000000     0.004999999888     0.000010000000     0.019037686288     1.000000000000     8.678521156311
   335.000000000000    25.000000000000    10.000000000000  1000.000000000000    15.000000000000     4.000000000000    30.000000000000     4.000000000000  1000.000000000000     0.001000000047     6.000000000000    90.000000000000     0.004999999888     0.000010000000     0.015048474073     1.000000000000     8.051146507263
   335.000000000000    25.000000000000     4.000000000000  1000.000000000000    15.000000000000     5.000000000000    35.000000000000     4.000000000000  1000.000000000000     0.001000000047     6.000000000000    90.000000000000     0.004999999888     0.000010000000     0.018018845469     1.000000000000     9.407716751099
   335.000000000000    25.000000000000     6.000000000000  1000.000000000000    15.000000000000     5.000000000000    35.000000000000     4.000000000000  1000.000000000000     0.001000000047     6.000000000000    90.000000000000     0.004999999888     0.000010000000     0.016698077321     1.000000000000     6.913100719452
   335.000000000000    25.000000000000     8.000000000000  1000.000000000000    15.000000000000     5.000000000000    35.000000000000     4.000000000000  1000.000000000000     0.001000000047     6.000000000000    90.000000000000     0.004999999888     0.000010000000     0.020377323031     1.000000000000     6.062829971313
   335.000000000000    25.000000000000    10.000000000000  1000.000000000000    15.000000000000     5.000000000000    35.000000000000     4.000000000000  1000.000000000000     0.001000000047     6.000000000000    90.000000000000     0.004999999888     0.000010000000     0.019056558609     1.000000000000     6.406294345856
    25.000000000000    25.000000000000     8.000000000000  1000.000000000000    15.000000000000     4.000000000000    30.000000000000     4.000000000000  1000.000000000000     0.001000000047     6.000000000000    90.000000000000     0.004999999888     0.000010000000    -0.097924619913     1.000000000000     0.006465261336
    25.000000000000    25.000000000000    10.000000000000  1000.000000000000    15.000000000000     4.000000000000    30.000000000000     4.000000000000  1000.000000000000     0.001000000047     6.000000000000    90.000000000000     0.004999999888     0.000010000000    -0.125903069973     1.000000000000     0.001101661124
    25.000000000000    25.000000000000     4.000000000000  1000.000000000000    15.000000000000     5.000000000000    35.000000000000     4.000000000000  1000.000000000000     0.001000000047     6.000000000000    90.000000000000     0.004999999888     0.000010000000    -0.048962302506     1.000000000000     0.191943004727
    25.000000000000    25.000000000000     6.000000000000  1000.000000000000    15.000000000000     5.000000000000    35.000000000000     4.000000000000  1000.000000000000     0.001000000047     6.000000000000    90.000000000000     0.004999999888     0.000010000000    -0.081603839993     1.000000000000     0.014368474483
    25.000000000000    25.000000000000     8.000000000000  1000.000000000000    15.000000000000     5.000000000000    35.000000000000     4.000000000000  1000.000000000000     0.001000000047     6.000000000000    90.000000000000     0.004999999888     0.000010000000    -0.114245370030     1.000000000000     0.001302797929
    25.000000000000    25.000000000000    10.000000000000  1000.000000000000    15.000000000000     5.000000000000    35.000000000000     4.000000000000  1000.000000000000     0.001000000047     6.000000000000    90.000000000000     0.004999999888     0.000010000000    -0.146886914968     1.000000000000     0.000711109198
    25.000000000000    25.000000000000     4.000000000000  1000.000000000000    15.000000000000     6.000000000000    40.000000000000     4.000000000000  1000.000000000000     0.001000000047     6.000000000000    90.000000000000     0.004999999888     0.000010000000    -0.055956926197     1.000000000000     0.137141332030
    25.000000000000    25.000000000000     6.000000000000  1000.000000000000    15.000000000000     6.000000000000    40.000000000000     4.000000000000  1000.000000000000     0.001000000047     6.000000000000    90.000000000000     0.004999999888     0.000010000000    -0.093261539936     1.000000000000     0.004230807070
    25.000000000000    25.000000000000     8.000000000000  1000.000000000000    15.000000000000     6.000000000000    40.000000000000     4.000000000000  1000.000000000000     0.001000000047     6.000000000000    90.000000000000     0.004999999888     0.000010000000    -0.130566149950     1.000000000000     0.001324006589
   310.000000000000    50.000000000000     8.000000000000  1000.000000000000    15.000000000000     4.000000000000    30.000000000000     4.000000000000  1000.000000000000     0.001000000047     6.000000000000    90.000000000000     0.004999999888     0.000010000000     0.027865886688     1.000000000000     9.025646209717
   310.000000000000    50.000000000000    10.000000000000  1000.000000000000    15.000000000000     4.000000000000    30.000000000000     4.000000000000  1000.000000000000     0.001000000047     6.000000000000    90.000000000000     0.004999999888     0.000010000000     0.027113258839     1.000000000000     7.815489292145
    50.000000000000    50.000000000000     8.000000000000  1000.000000000000    15.000000000000     4.000000000000    30.000000000000     4.000000000000  1000.000000000000     0.001000000047     6.000000000000    90.000000000000     0.004999999888     0.000010000000    -0.250268250704     1.000000000000     0.004594050348
    50.000000000000    50.000000000000    10.000000000000  1000.000000000000    15.000000000000     4.000000000000    30.000000000000     4.000000000000  1000.000000000000     0.001000000047     6.000000000000    90.000000000000     0.004999999888     0.000010000000    -0.321773499250     1.000000000000     0.002994611859
    50.000000000000    50.000000000000     4.000000000000  1000.000000000000    15.000000000000     5.000000000000    35.000000000000     4.000000000000  1000.000000000000     0.001000000047     6.000000000000    90.000000000000     0.004999999888     0.000010000000    -0.125134125352     1.000000000000     0.272510439157
    50.000000000000    50.000000000000     6.000000000000  1000.000000000000    15.000000000000     5.000000000000    35.000000000000     4.000000000000  1000.000000000000     0.001000000047     6.000000000000    90.000000000000     0.004999999888     0.000010000000    -0.208556875587     1.000000000000     0.024031367153
    50.000000000000    50.000000000000     8.000000000000  1000.000000000000    15.000000000000     5.000000000000    35.000000000000     4.000000000000  1000.000000000000     0.001000000047     6.000000000000    90.000000000000     0.004999999888     0.000010000000    -0.291979640722     1.000000000000     0.003506234614
    50.000000000000    50.000000000000    10.000000000000  1000.000000000000    15.000000000000     5.000000000000    35.000000000000     4.000000000000  1000.000000000000     0.001000000047     6.000000000000    90.000000000000     0.004999999888     0.000010000000    -0.375402361155     1.000000000000     0.000535003317
    50.000000000000    50.000000000000     4.000000000000  1000.000000000000    15.000000000000     6.000000000000    40.000000000000     4.000000000000  1000.000000000000     0.001000000047     6.000000000000    90.000000000000     0.004999999888     0.000010000000    -0.143010437489     1.000000000000     0.159346058965
    50.000000000000    50.000000000000     6.000000000000  1000.000000000000    15.000000000000     6.000000000000    40.000000000000     4.000000000000  1000.000000000000     0.001000000047     6.000000000000    90.000000000000     0.004999999888     0.000010000000    -0.238350704312     1.000000000000     0.011342579499
    50.000000000000    50.000000000000     8.000000000000  1000.000000000000    15.000000000000     6.000000000000    40.000000000000     4.000000000000  1000.000000000000     0.001000000047     6.000000000000    90.000000000000     0.004999999888     0.000010000000    -0.333691030741     1.000000000000     0.003388156416
   335.000000000000    25.000000000000     8.000000000000  1500.000000000000    15.000000000000     4.000000000000    30.000000000000     4.000000000000  1000.000000000000     0.001000000047     6.000000000000    90.000000000000     0.004999999888     0.000010000000     0.019037686288     1.000000000000    24.682491302490
   335.000000000000    25.000000000000    10.000000000000  1500.000000000000    15.000000000000     4.000000000000    30.000000000000     4.000000000000  1000.000000000000     0.001000000047     6.000000000000    90.000000000000     0.004999999888     0.000010000000     0.015048474073     1.000000000000    19.418895721436
   335.000000000000    25.000000000000     4.000000000000  1500.000000000000    15.000000000000     5.000000000000    35.000000000000     4.000000000000  1000.000000000000     0.001000000047     6.000000000000    90.000000000000     0.004999999888     0.000010000000     0.018018845469     1.000000000000    21.922420501709
   335.000000000000    25.000000000000     6.000000000000  1500.000000000000    15.000000000000     5.000000000000    35.000000000000     4.000000000000  1000.000000000000     0.001000000047     6.000000000000    90.000000000000     0.004999999888     0.000010000000     0.016698077321     1.000000000000    16.358139038086
   335.000000000000    25.000000000000     8.000000000000  1500.000000000000    15.000000000000     5.000000000000    35.000000000000     4.000000000000  1000.000000000000     0.001000000047     6.000000000000    90.000000000000     0.004999999888     0.000010000000     0.020377323031     1.000000000000    19.795232772827
   335.000000000000    25.000000000000    10.000000000000  1500.000000000000    15.000000000000     5.000000000000    35.000000000000     4.000000000000  1000.000000000000     0.001000000047     6.000000000000    90.000000000000     0.004999999888     0.000010000000     0.019056558609     1.000000000000    21.292074203491
    25.000000000000    25.000000000000     8.000000000000  1500.000000000000    15.000000000000     4.000000000000    30.000000000000     4.000000000000  1000.000000000000     0.001000000047     6.000000000000    90.000000000000     0.004999999888     0.000010000000    -0.097924619913     1.000000000000     0.035084370524
    25.000000000000    25.000000000000    10.000000000000  1500.000000000000    15.000000000000     4.000000000000    30.000000000000     4.000000000000  1000.000000000000     0.001000000047     6.000000000000    90.000000000000     0.004999999888     0.000010000000    -0.125903069973     1.000000000000     0.006204910576
    25.000000000000    25.000000000000     4.000000000000  1500.000000000000    15.000000000000     5.000000000000    35.000000000000     4.000000000000  1000.000000000000     0.001000000047     6.000000000000    90.000000000000     0.004999999888     0.000010000000    -0.048962302506     1.000000000000     0.958255231380
    25.000000000000    25.000000000000     6.000000000000  1500.000000000000    15.000000000000     5.000000000000    35.000000000000     4.000000000000  1000.000000000000     0.001000000047     6.000000000000    90.000000000000     0.004999999888     0.000010000000    -0.081603839993     1.000000000000     0.084132783115
    25.000000000000    25.000000000000     8.000000000000  1500.000000000000    15.000000000000     5.000000000000    35.000000000000     4.000000000000  1000.000000000000     0.001000000047     6.000000000000    90.000000000000     0.004999999888     0.000010000000    -0.114245370030     1.000000000000     0.009146062657
    25.000000000000    25.000000000000    10.000000000000  1500.000000000000    15.000000000000     5.000000000000    35.000000000000     4.000000000000  1000.000000000000     0.001000000047     6.000000000000    90.000000000000     0.004999999888     0.000010000000    -0.146886914968     1.000000000000     0.003352074884
    25.000000000000    25.000000000000     4.000000000000  1500.000000000000    15.000000000000     6.000000000000    40.000000000000     4.000000000000  1000.000000000000     0.001000000047     6.000000000000    90.000000000000     0.004999999888     0.000010000000    -0.055956926197     1.000000000000     0.686258316040
    25.000000000000    25.000000000000     6.000000000000  1500.000000000000    15.000000000000     6.000000000000    40.000000000000     4.000000000000  1000.000000000000     0.001000000047     6.000000000000    90.000000000000     0.004999999888     0.000010000000    -0.093261539936     1.000000000000     0.024018365890
    25.000000000000    25.000000000000     8.000000000000  1500.000000000000    15.000000000000     6.000000000000    40.000000000000     4.000000000000  1000.000000000000     0.001000000047     6.000000000000    90.000000000000     0.004999999888     0.000010000000    -0.130566149950     1.000000000000     0.006882645655
    25.000000000000    25.000000000000    10.000000000000  1500.000000000000    15.000000000000     6.000000000000    40.000000000000     4.000000000000  1000.000000000000     0.001000000047     6.000000000000    90.000000000000     0.004999999888     0.000010000000    -0.167870789766     1.000000000000     0.004523490090
   310.000000000000    50.000000000000     8.000000000000  1500.000000000000    15.000000000000     4.000000000000    30.000000000000     4.000000000000  1000.000000000000     0.001000000047     6.000000000000    90.000000000000     0.004999999888     0.000010000000     0.027865886688     1.000000000000    23.417821884155
   310.000000000000    50.000000000000    10.000000000000  1500.000000000000    15.000000000000     4.000000000000    30.000000000000     4.000000000000  1000.000000000000     0.001000000047     6.000000000000    90.000000000000     0.004999999888     0.000010000000     0.027113258839     1.000000000000    21.086441040039
   310.000000000000    50.000000000000     4.000000000000  1500.000000000000    15.000000000000     5.000000000000    35.000000000000     4.000000000000  1000.000000000000     0.001000000047     6.000000000000    90.000000000000     0.004999999888     0.000010000000     0.029932945967     1.000000000000    35.067035675049
   310.000000000000    50.000000000000     6.000000000000  1500.000000000000    15.000000000000     5.000000000000    35.000000000000     4.000000000000  1000.000000000000     0.001000000047     6.000000000000    90.000000000000     0.004999999888     0.000010000000     0.033221572638     1.000000000000    29.126049041748
   310.000000000000    50.000000000000     8.000000000000  1500.000000000000    15.000000000000     5.000000000000    35.000000000000     4.000000000000  1000.000000000000     0.001000000047     6.000000000000    90.000000000000     0.004999999888     0.000010000000     0.031510174274     1.000000000000    15.893115043640
   335.000000000000    25.000000000000     8.000000000000  2000.000000000000    15.000000000000     4.000000000000    30.000000000000     4.000000000000  1000.000000000000     0.001000000047     6.000000000000    90.000000000000     0.004999999888     0.000010000000     0.019037686288     1.000000000000    25.756071090698
    25.000000000000    25.000000000000     8.000000000000  2000.000000000000    15.000000000000     4.000000000000    30.000000000000     4.000000000000  1000.000000000000     0.001000000047     6.000000000000    90.000000000000     0.004999999888     0.000010000000    -0.097924619913     1.000000000000     0.015155543573
    25.000000000000    25.000000000000    10.000000000000  2000.000000000000    15.000000000000     4.000000000000    30.000000000000     4.000000000000  1000.000000000000     0.001000000047     6.000000000000    90.000000000000     0.004999999888     0.000010000000    -0.125903069973     1.000000000000     2.360051870346
    25.000000000000    25.000000000000     4.000000000000  2000.000000000000    15.000000000000     5.000000000000    35.000000000000     4.000000000000  1000.000000000000     0.001000000047     6.000000000000    90.000000000000     0.004999999888     0.000010000000    -0.048962302506     1.000000000000     0.263700366020
    25.000000000000    25.000000000000     6.000000000000  2000.000000000000    15.000000000000     5.000000000000    35.000000000000     4.000000000000  1000.000000000000     0.001000000047     6.000000000000    90.000000000000     0.004999999888     0.000010000000    -0.081603839993     1.000000000000     0.031298439950
    25.000000000000    25.000000000000     8.000000000000  2000.000000000000    15.000000000000     5.000000000000    35.000000000000     4.000000000000  1000.000000000000     0.001000000047     6.000000000000    90.000000000000     0.004999999888     0.000010000000    -0.114245370030     1.000000000000     0.014794414863
    25.000000000000    25.000000000000    10.000000000000  2000.000000000000    15.000000000000     5.000000000000    35.000000000