   335.000000000000    25.000000000000     4.000000000000   500.000000000000     5.000000000000     3.000000000000    20.000000000000     4.000000000000  1000.000000000000     0.001000000047     3.000000000000    90.000000000000     0.004999999888     0.000010000000     0.014510769397     1.000000000000     2.699019908905
   335.000000000000    25.000000000000     6.000000000000   500.000000000000     5.000000000000     3.000000000000    20.000000000000     4.000000000000  1000.000000000000     0.001000000047     3.000000000000    90.000000000000     0.004999999888     0.000010000000     0.015184614807     1.000000000000     1.895421385765
    25.000000000000    25.000000000000     4.000000000000   500.000000000000     5.000000000000     3.000000000000    20.000000000000     4.000000000000  1000.000000000000     0.001000000047     3.000000000000    90.000000000000     0.004999999888     0.000010000000    -0.027978463098     1.000000000000     0.006302559283
    25.000000000000    25.000000000000     6.000000000000   500.000000000000     5.000000000000     3.000000000000    20.000000000000     4.000000000000  1000.000000000000     0.001000000047     3.000000000000    90.000000000000     0.004999999888     0.000010000000    -0.046630769968     1.000000000000     0.001854645438
   310.000000000000    50.000000000000     4.000000000000   500.000000000000     5.000000000000     3.000000000000    20.000000000000     4.000000000000  1000.000000000000     0.001000000047     3.000000000000    90.000000000000     0.004999999888     0.000010000000     0.022747389972     1.000000000000     2.909617662430
    50.000000000000    50.000000000000     4.000000000000   500.000000000000     5.000000000000     3.000000000000    20.000000000000     4.000000000000  1000.000000000000     0.001000000047     3.000000000000    90.000000000000     0.004999999888     0.000010000000    -0.071505218744     1.000000000000     0.015892392024
    50.000000000000    50.000000000000     6.000000000000   500.000000000000     5.000000000000     3.000000000000    20.000000000000     4.000000000000  1000.000000000000     0.001000000047     3.000000000000    90.000000000000     0.004999999888     0.000010000000    -0.119175344706     1.000000000000     0.004866457079
   335.000000000000    25.000000000000     4.000000000000  1000.000000000000     5.000000000000     3.000000000000    20.000000000000     4.000000000000  1000.000000000000     0.001000000047     3.000000000000    90.000000000000     0.004999999888     0.000010000000     0.014510769397     1.000000000000    23.403125762939
   335.000000000000    25.000000000000     6.000000000000  1000.000000000000     5.000000000000     3.000000000000    20.000000000000     4.000000000000  1000.000000000000     0.001000000047     3.000000000000    90.000000000000     0.004999999888     0.000010000000     0.015184614807     1.000000000000    17.956398010254
    25.000000000000    25.000000000000     4.000000000000  1000.000000000000     5.000000000000     3.000000000000    20.000000000000     4.000000000000  1000.000000000000     0.001000000047     3.000000000000    90.000000000000     0.004999999888     0.000010000000    -0.027978463098     1.000000000000     0.127679198980
    25.000000000000    25.000000000000     6.000000000000  1000.000000000000     5.000000000000     3.000000000000    20.000000000000     4.000000000000  1000.000000000000     0.001000000047     3.000000000000    90.000000000000     0.004999999888     0.000010000000    -0.046630769968     1.000000000000     0.046829208732
   310.000000000000    50.000000000000     4.000000000000  1000.000000000000     5.000000000000     3.000000000000    20.000000000000     4.000000000000  1000.000000000000     0.001000000047     3.000000000000    90.000000000000     0.004999999888     0.000010000000     0.022747389972     1.000000000000    31.742599487305
   310.000000000000    50.000000000000     6.000000000000  1000.000000000000     5.000000000000     3.000000000000    20.000000000000     4.000000000000  1000.000000000000     0.001000000047     3.000000000000    90.000000000000     0.004999999888     0.000010000000     0.023912325501     1.000000000000    26.842700958252
    50.000000000000    50.000000000000     4.000000000000  1000.000000000000     5.000000000000     3.000000000000    20.000000000000     4.000000000000  1000.000000000000     0.001000000047     3.000000000000    90.000000000000     0.004999999888     0.000010000000    -0.071505218744     1.000000000000     0.323134988546
    50.000000000000    50.000000000000     6.000000000000  1000.000000000000     5.000000000000     3.000000000000    20.000000000000     4.000000000000  1000.000000000000     0.001000000047     3.000000000000    90.000000000000     0.004999999888     0.000010000000    -0.119175344706     1.000000000000     0.097389310598
   335.000000000000    25.000000000000     4.000000000000  1500.000000000000     5.000000000000     3.000000000000    20.000000000000     4.000000000000  1000.000000000000     0.001000000047     3.000000000000    90.000000000000     0.004999999888     0.000010000000     0.014510769397     1.000000000000    30.037395477295
   335.000000000000    25.000000000000     6.000000000000  1500.000000000000     5.000000000000     3.000000000000    20.000000000000     4.000000000000  1000.000000000000     0.001000000047     3.000000000000    90.000000000000     0.004999999888     0.000010000000     0.015184614807     1.000000000000    23.627811431885
    25.000000000000    25.000000000000     4.000000000000  1500.000000000000     5.000000000000     3.000000000000    20.000000000000     4.000000000000  1000.000000000000     0.001000000047     3.000000000000    90.000000000000     0.004999999888     0.000010000000    -0.027978463098     1.000000000000     0.621640086174
   310.000000000000    50.000000000000     4.000000000000  1500.000000000000     5.000000000000     3.000000000000    20.000000000000     4.000000000000  1000.000000000000     0.001000000047     3.000000000000    90.000000000000     0.004999999888     0.000010000000     0.022747389972     1.000000000000    32.653156280518
   310.000000000000    50.000000000000     6.000000000000  1500.000000000000     5.000000000000     3.000000000000    20.000000000000     4.000000000000  1000.000000000000     0.001000000047     3.000000000000    90.000000000000     0.004999999888     0.000010000000     0.023912325501     1.000000000000    26.680948257446
    50.000000000000    50.000000000000     4.000000000000  1500.000000000000     5.000000000000     3.000000000000    20.000000000000     4.000000000000  1000.000000000000     0.001000000047     3.000000000000    90.000000000000     0.004999999888     0.000010000000    -0.071505218744     1.000000000000     1.553738951683
    50.000000000000    50.000000000000     6.000000000000  1500.000000000000     5.000000000000     3.000000000000    20.000000000000     4.000000000000  1000.000000000000     0.001000000047     3.000000000000    90.000000000000     0.004999999888     0.000010000000    -0.119175344706     1.000000000000     0.534507215023
   335.000000000000    25.000000000000     4.000000000000  2000.000000000000     5.000000000000     3.000000000000    20.000000000000     4.000000000000  1000.000000000000     0.001000000047     3.000000000000    90.000000000000     0.004999999888     0.000010000000     0.014510769397     1.000000000000    28.027013778687
   335.000000000000    25.000000000000     6.000000000000  2000.000000000000     5.000000000000     3.000000000000    20.000000000000     4.000000000000  1000.000000000000     0.001000000047     3.000000000000    90.000000000000     0.004999999888     0.000010000000     0.015184614807     1.000000000000    28.592088699341
    25.000000000000    25.000000000000     4.000000000000  2000.000000000000     5.000000000000     3.000000000000    20.000000000000     4.000000000000  1000.000000000000     0.001000000047     3.000000000000    90.000000000000     0.004999999888     0.000010000000    -0.027978463098     1.000000000000     1.760458230972
    25.000000000000    25.000000000000     6.000000000000  2000.000000000000     5.000000000000     3.000000000000    20.000000000000     4.000000000000  1000.000000000000     0.001000000047     3.000000000000    90.000000000000     0.004999999888     0.000010000000    -0.046630769968     1.000000000000     0.655533909798
   310.000000000000    50.000000000000     4.000000000000  2000.000000000000     5.000000000000     3.000000000000    20.000000000000     4.000000000000  1000.000000000000     0.001000000047     3.000000000000    90.000000000000     0.004999999888     0.000010000000     0.022747389972     1.000000000000    21.291095733643
    50.000000000000    50.000000000000     4.000000000000  2000.000000000000     5.000000000000     3.000000000000    20.000000000000     4.000000000000  1000.000000000000     0.001000000047     3.000000000000    90.000000000000     0.004999999888     0.000010000000    -0.071505218744     1.000000000000     3.755845069885
    50.000000000000    50.000000000000     6.000000000000  2000.000000000000     5.000000000000     3.000000000000    20.000000000000     4.000000000000  1000.000000000000     0.001000000047     3.000000000000    90.000000000000     0.004999999888     0.000010000000    -0.119175344706     1.000000000000     1.512531757355
   335.000000000000    25.000000000000     4.000000000000   500.000000000000    10.000000000000     3.000000000000    20.000000000000     4.000000000000  1000.000000000000     0.001000000047     3.000000000000    90.000000000000     0.004999999888     0.000010000000     0.014510769397     1.000000000000     2.723403453827
   335.000000000000    25.000000000000     6.000000000000   500.000000000000    10.000000000000     3.000000000000    20.000000000000     4.000000000000  1000.000000000000     0.001000000047     3.000000000000    90.000000000000     0.004999999888     0.000010000000     0.015184614807     1.000000000000     1.847713828087
    25.000000000000    25.000000000000     4.000000000000   500.000000000000    10.000000000000     3.000000000000    20.000000000000     4.000000000000  1000.000000000000     0.001000000047     3.000000000000    90.000000000000     0.004999999888     0.000010000000    -0.027978463098     1.000000000000     0.006654973142
    25.000000000000    25.000000000000     6.000000000000   500.000000000000    10.000000000000     3.000000000000    20.000000000000     4.000000000000  1000.000000000000     0.001000000047     3.000000000000    90.000000000000     0.004999999888     0.000010000000    -0.046630769968     1.000000000000     0.002156190807
   310.000000000000    50.000000000000     4.000000000000   500.000000000000    10.000000000000     3.000000000000    20.000000000000     4.000000000000  1000.000000000000     0.001000000047     3.000000000000    90.000000000000     0.004999999888     0.000010000000     0.022747389972     1.000000000000     2.878800392151
    50.000000000000    50.000000000000     4.000000000000   500.000000000000    10.000000000000     3.000000000000    20.000000000000     4.000000000000  1000.000000000000     0.001000000047     3.000000000000    90.000000000000     0.004999999888     0.000010000000    -0.071505218744     1.000000000000     0.016809912398
    50.000000000000    50.000000000000     6.000000000000   500.000000000000    10.000000000000     3.000000000000    20.000000000000     4.000000000000  1000.000000000000     0.001000000047     3.000000000000    90.000000000000     0.004999999888     0.000010000000    -0.119175344706     1.000000000000     0.004907852970
   335.000000000000    25.000000000000     4.000000000000  1000.000000000000    10.000000000000     3.000000000000    20.000000000000     4.000000000000  1000.000000000000     0.001000000047     3.000000000000    90.000000000000     0.004999999888     0.000010000000     0.014510769397     1.000000000000    23.150186538696
   335.000000000000    25.000000000000     6.000000000000  1000.000000000000    10.000000000000     3.000000000000    20.000000000000     4.000000000000  1000.000000000000     0.001000000047     3.000000000000    90.000000000000     0.004999999888     0.000010000000     0.015184614807     1.000000000000    18.096982955933
    25.000000000000    25.000000000000     4.000000000000  1000.000000000000    10.000000000000     3.000000000000    20.000000000000     4.000000000000  1000.000000000000     0.001000000047     3.000000000000    90.000000000000     0.004999999888     0.000010000000    -0.027978463098     1.000000000000     0.119472198188
    25.000000000000    25.000000000000     6.000000000000  1000.000000000000    10.000000000000     3.000000000000    20.000000000000     4.000000000000  1000.000000000000     0.001000000047     3.000000000000    90.000000000000     0.004999999888     0.000010000000    -0.046630769968     1.000000000000     0.038867376745
   310.000000000000    50.000000000000     4.000000000000  1000.000000000000    10.000000000000     3.000000000000    20.000000000000     4.000000000000  1000.000000000000     0.001000000047     3.000000000000    90.000000000000     0.004999999888     0.000010000000     0.022747389972     1.000000000000    31.695974349976
   310.000000000000    50.000000000000     6.000000000000  1000.000000000000    10.000000000000     3.000000000000    20.000000000000     4.000000000000  1000.000000000000     0.001000000047     3.000000000000    90.000000000000     0.004999999888     0.000010000000     0.023912325501     1.000000000000    26.605766296387
    50.000000000000    50.000000000000     4.000000000000  1000.000000000000    10.000000000000     3.000000000000    20.000000000000     4.000000000000  1000.000000000000     0.001000000047     3.000000000000    90.000000000000     0.004999999888     0.000010000000    -0.071505218744     1.000000000000     0.333362460136
    50.000000000000    50.000000000000     6.000000000000  1000.000000000000    10.000000000000     3.000000000000    20.000000000000     4.000000000000  1000.000000000000     0.001000000047     3.000000000000    90.000000000000     0.004999999888     0.000010000000    -0.119175344706     1.000000000000     0.108153052628
   335.000000000000    25.000000000000     4.000000000000  1500.000000000000    10.000000000000     3.000000000000    20.000000000000     4.000000000000  1000.000000000000     0.001000000047     3.000000000000    90.000000000000     0.004999999888     0.000010000000     0.014510769397     1.000000000000    30.021741867065
   335.000000000000    25.000000000000     6.000000000000  1500.000000000000    10.000000000000     3.000000000000    20.000000000000     4.000000000000  1000.000000000000     0.001000000047     3.000000000000    90.000000000000     0.004999999888     0.000010000000     0.015184614807     1.000000000000    24.033512115479
    25.000000000000    25.000000000000     4.000000000000  1500.000000000000    10.000000000000     3.000000000000    20.000000000000     4.000000000000  1000.000000000000     0.001000000047     3.000000000000    90.000000000000     0.004999999888     0.000010000000    -0.027978463098     1.000000000000     0.606400012970
    25.000000000000    25.000000000000     6.000000000000  1500.000000000000    10.000000000000     3.000000000000    20.000000000000     4.000000000000  1000.000000000000     0.001000000047     3.000000000000    90.000000000000     0.004999999888     0.000010000000    -0.046630769968     1.000000000000     0.224298134446
   310.000000000000    50.000000000000     4.000000000000  1500.000000000000    10.000000000000     3.000000000000    20.000000000000     4.000000000000  1000.000000000000     0.001000000047     3.000000000000    90.000000000000     0.004999999888     0.000010000000     0.022747389972     1.000000000000    26.800546646118
    50.000000000000    50.000000000000     4.000000000000  1500.000000000000    10.000000000000     3.000000000000    20.000000000000     4.000000000000  1000.000000000000     0.001000000047     3.000000000000    90.000000000000     0.004999999888     0.000010000000    -0.071505218744     1.000000000000     1.614803552628
   335.000000000000    25.000000000000     4.000000000000  2000.000000000000    10.000000000000     3.000000000000    20.000000000000     4.000000000000  1000.000000000000     0.001000000047     3.000000000000    90.000000000000     0.004999999888     0.000010000000     0.014510769397     1.000000000000    28.079168319702
   335.000000000000    25.000000000000     6.000000000000  2000.000000000000    10.000000000000     3.000000000000    20.000000000000     4.000000000000  1000.000000000000     0.001000000047     3.000000000000    90.000000000000     0.004999999888     0.000010000000     0.015184614807     1.000000000000    28.534967422485
    25.000000000000    25.000000000000     4.000000000000  2000.000000000000    10.000000000000     3.000000000000    20.000000000000     4.000000000000  1000.000000000000     0.001000000047     3.000000000000    90.000000000000     0.004999999888     0.000010000000    -0.027978463098     1.000000000000     1.774226784706
    25.000000000000    25.000000000000     6.000000000000  2000.000000000000    10.000000000000     3.000000000000    20.000000000000     4.000000000000  1000.000000000000     0.001000000047     3.000000000000    90.000000000000     0.004999999888     0.000010000000    -0.046630769968     1.000000000000     0.669765055180
   310.000000000000    50.000000000000     4.000000000000  2000.000000000000    10.000000000000     3.000000000000    20.000000000000     4.000000000000  1000.000000000000     0.001000000047     3.000000000000    90.000000000000     0.004999999888     0.000010000000     0.022747389972     1.000000000000    26.909337997437
   310.000000000000    50.000000000000     6.000000000000  2000.000000000000    10.000000000000     3.000000000000    20.000000000000     4.000000000000  1000.000000000000     0.001000000047     3.000000000000    90.000000000000     0.004999999888     0.000010000000     0.023912325501     1.000000000000    21.496276855469
    50.000000000000    50.000000000000     4.000000000000  2000.000000000000    10.000000000000     3.000000000000    20.000000000000     4.000000000000  1000.000000000000     0.001000000047     3.000000000000    90.000000000000     0.004999999888     0.000010000000    -0.071505218744     1.000000000000     3.780907630920
    50.000000000000    50.000000000000     6.000000000000  2000.000000000000    10.000000000000     3.000000000000    20.000000000000     4.000000000000  1000.000000000000     0.001000000047     3.000000000000    90.000000000000     0.004999999888     0.000010000000    -0.119175344706     1.000000000000     1.529270291328
   335.000000000000    25.000000000000     4.000000000000   500.000000000000    15.000000000000     3.000000000000    20.000000000000     4.000000000000  1000.000000000000     0.001000000047     3.000000000000    90.000000000000     0.004999999888     0.000010000000     0.014510769397     1.000000000000     2.683572769165
   335.000000000000    25.000000000000     6.000000000000   500.000000000000    15.000000000000     3.000000000000    20.000000000000     4.000000000000  1000.000000000000     0.001000000047     3.000000000000    90.000000000000     0.004999999888     0.000010000000     0.015184614807     1.000000000000     1.868049740791
    25.000000000000    25.000000000000     4.000000000000   500.000000000000    15.000000000000     3.000000000000    20.000000000000     4.000000000000  1000.000000000000     0.001000000047     3.000000000000    90.000000000000     0.004999999888     0.000010000000    -0.027978463098     1.000000000000     0.006375513505
    25.000000000000    25.000000000000     6.000000000000   500.000000000000    15.000000000000     3.000000000000    20.000000000000     4.000000000000  1000.000000000000     0.001000000047     3.000000000000    90.000000000000     0.004999999888     0.000010000000    -0.046630769968     1.000000000000     0.001984732691
   310.000000000000    50.000000000000     4.000000000000   500.000000000000    15.000000000000     3.000000000000    20.000000000000     4.000000000000  1000.000000000000     0.001000000047     3.000000000000    90.000000000000     0.004999999888     0.000010000000     0.022747389972     1.000000000000     2.896392822266
    50.000000000000    50.000000000000     4.000000000000   500.000000000000    15.000000000000     3.000000000000    20.000000000000     4.000000000000  1000.000000000000     0.001000000047     3.000000000000    90.000000000000     0.004999999888     0.000010000000    -0.071505218744     1.000000000000     0.016050800681
    50.000000000000    50.000000000000     6.000000000000   500.000000000000    15.000000000000     3.000000000000    20.000000000000     4.000000000000  1000.000000000000     0.001000000047     3.000000000000    90.000000000000     0.004999999888     0.000010000000    -0.119175344706     1.000000000000     0.004648371600
   335.000000000000    25.000000000000     4.000000000000  1000.000000000000    15.000000000000     3.000000000000    20.000000000000     4.000000000000  1000.000000000000     0.001000000047     3.000000000000    90.000000000000     0.004999999888     0.000010000000     0.014510769397     1.000000000000    23.378919601440
   335.000000000000    25.000000000000     6.000000000000  1000.000000000000    15.000000000000     3.000000000000    20.000000000000     4.000000000000  1000.000000000000     0.001000000047     3.000000000000    90.000000000000     0.004999999888     0.000010000000     0.015184614807     1.000000000000    18.017116546631
    25.000000000000    25.000000000000     4.000000000000  1000.000000000000    15.000000000000     3.000000000000    20.000000000000     4.000000000000  1000.000000000000     0.001000000047     3.000000000000    90.000000000000     0.004999999888     0.000010000000    -0.027978463098     1.000000000000     0.117748707533
    25.000000000000    25.000000000000     6.000000000000  1000.000000000000    15.000000000000     3.000000000000    20.000000000000     4.000000000000  1000.000000000000     0.001000000047     3.000000000000    90.000000000000     0.004999999888     0.000010000000    -0.046630769968     1.000000000000     0.045269783586
   310.000000000000    50.000000000000     4.000000000000  1000.000000000000    15.000000000000     3.000000000000    20.000000000000     4.000000000000  1000.000000000000     0.001000000047     3.000000000000    90.000000000000     0.004999999888     0.000010000000     0.022747389972     1.000000000000    26.634071350098
    50.000000000000    50.000000000000     4.000000000000  1000.000000000000    15.000000000000     3.000000000000    20.000000000000     4.000000000000  1000.000000000000     0.001000000047     3.000000000000    90.000000000000     0.004999999888     0.000010000000    -0.071505218744     1.000000000000     0.339641243219
    50.000000000000    50.000000000000     6.000000000000  1000.000000000000    15.000000000000     3.000000000000    20.000000000000     4.000000000000  1000.000000000000     0.001000000047     3.000000000000    90.000000000000     0.004999999888     0.000010000000    -0.119175344706     1.000000000000     0.101262040436
   335.000000000000    25.000000000000     4.000000000000  1500.000000000000    15.000000000000     3.000000000000    20.000000000000     4.000000000000  1000.000000000000     0.001000000047     3.000000000000    90.000000000000     0.004999999888     0.000010000000     0.014510769397     1.000000000000    30.085897445679
   335.000000000000    25.000000000000     6.000000000000  1500.000000000000    15.000000000000     3.000000000000    20.000000000000     4.000000000000  1000.000000000000     0.001000000047     3.000000000000    90.000000000000     0.004999999888     0.000010000000     0.015184614807     1.000000000000    23.910964965820
    25.000000000000    25.000000000000     4.000000000000  1500.000000000000    15.000000000000     3.000000000000    20.000000000000     4.000000000000  1000.000000000000     0.001000000047     3.000000000000    90.000000000000     0.004999999888     0.000010000000    -0.027978463098     1.000000000000     0.618045747280
    25.000000000000    25.000000000000     6.000000000000  1500.000000000000    15.000000000000     3.000000000000    20.000000000000     4.000000000000  1000.000000000000     0.001000000047     3.000000000000    90.000000000000     0.004999999888     0.000010000000    -0.046630769968     1.000000000000     0.213007465005
   310.000000000000    50.000000000000     4.000000000000  1500.000000000000    15.000000000000     3.000000000000    20.000000000000     4.000000000000  1000.000000000000     0.001000000047     3.000000000000    90.000000000000     0.004999999888     0.000010000000     0.022747389972     1.000000000000    32.483306884766
   310.000000000000    50.000000000000     6.000000000000  1500.000000000000    15.000000000000     3.000000000000    20.000000000000     4.000000000000  1000.000000000000     0.001000000047     3.000000000000    90.000000000000     0.004999999888     0.000010000000     0.023912325501     1.000000000000    26.680200576782
    50.000000000000    50.000000000000     4.000000000000  1500.000000000000    15.000000000000     3.000000000000    20.000000000000     4.000000000000  1000.000000000000     0.001000000047     3.000000000000    90.000000000000     0.004999999888     0.000010000000    -0.071505218744     1.000000000000     1.622048497200
    50.000000000000    50.000000000000     6.000000000000  1500.000000000000    15.000000000000     3.000000000000    20.000000000000     4.000000000000  1000.000000000000     0.001000000047     3.000000000000    90.000000000000     0.004999999888     0.000010000000    -0.119175344706     1.000000000000     0.548961937428
   335.000000000000    25.000000000000     4.000000000000  2000.000000000000    15.000000000000     3.000000000000    20.000000000000     4.000000000000  1000.000000000000     0.001000000047     3.000000000000    90.000000000000     0.004999999888     0.000010000000     0.014510769397     1.000000000000    28.026813507080
   335.000000000000    25.000000000000     6.000000000000  2000.000000000000    15.000000000000     3.000000000000    20.000000000000     4.000000000000  1000.000000000000     0.001000000047     3.000000000000    90.000000000000     0.004999999888     0.000010000000     0.015184614807     1.000000000000    28.632652282715
    25.000000000000    25.000000000000     4.000000000000  2000.000000000000    15.000000000000     3.000000000000    20.000000000000     4.000000000000  1000.000000000000     0.001000000047     3.000000000000    90.000000000000     0.004999999888     0.000010000000    -0.027978463098     1.000000000000     1.723279833794
    25.000000000000    25.000000000000     6.000000000000  2000.000000000000    15.000000000000     3.000000000000    20.000000000000     4.000000000000  1000.000000000000     0.001000000047     3.000000000000    90.000000000000     0.004999999888     0.000010000000    -0.046630769968     1.000000000000     0.653970420361
   310.000000000000    50.000000000000     4.000000000000  2000.000000000000    15.000000000000     3.000000000000    20.000000000000     4.000000000000  1000.000000000000     0.001000000047     3.000000000000    90.000000000000     0.004999999888     0.000010000000     0.022747389972     1.000000000000    26.732759475708
   310.000000000000    50.000000000000     6.000000000000  2000.000000000000    15.000000000000     3.000000000000    20.000000000000     4.000000000000  1000.000000000000     0.001000000047     3.000000000000    90.000000000000     0.004999999888     0.000010000000     0.023912325501     1.000000000000    21.326282501221
    50.000000000000    50.000000000000     4.000000000000  2000.000000000000    15.000000000000     3.000000000000    20.000000000000     4.000000000000  1000.000000000000     0.001000000047     3.000000000000    90.000000000000     0.004999999888     0.000010000000    -0.071505218744     1.000000000000     3.669087171555
    50.000000000000    50.000000000000     6.000000000000  2000.000000000000    15.000000000000     3.000000000000    20.000000000000     4.000000000000  1000.000000000000     0.001000000047     3.000000000000    90.000000000000     0.004999999888     0.000010000000    -0.119175344706     1.000000000000     1.551001310349
   335.000000000000    25.000000000000     4.000000000000   500.000000000000    20.000000000000     3.000000000000    20.000000000000     4.000000000000  1000.000000000000     0.001000000047     3.000000000000    90.000000000000     0.004999999888     0.000010000000     0.014510769397     1.000000000000     2.637469768524
   335.000000000000    25.000000000000     6.000000000000   500.000000000000    20.000000000000     3.000000000000    20.000000000000     4.000000000000  1000.000000000000     0.001000000047     3.000000000000    90.000000000000     0.004999999888     0.000010000000     0.015184614807     1.000000000000     1.820810675621
    25.000000000000    25.000000000000     4.000000000000   500.000000000000    20.000000000000     3.000000000000    20.000000000000     4.000000000000  1000.000000000000     0.001000000047     3.000000000000    90.000000000000     0.004999999888     0.000010000000    -0.027978463098     1.000000000000     0.006498678587
    25.000000000000    25.000000000000     6.000000000000   500.000000000000    20.000000000000     3.000000000000    20.000000000000     4.000000000000  1000.000000000000     0.001000000047     3.000000000000    90.000000000000     0.004999999888     0.000010000000    -0.046630769968     1.000000000000     0.002052452415
   310.000000000000    50.000000000000     4.000000000000   500.000000000000    20.000000000000     3.000000000000    20.000000000000     4.000000000000  1000.000000000000     0.001000000047     3.000000000000    90.000000000000     0.004999999888     0.000010000000     0.022747389972     1.000000000000     2.979298353195
    50.000000000000    50.000000000000     4.000000000000   500.000000000000    20.000000000000     3.000000000000    20.000000000000     4.000000000000  1000.000000000000     0.001000000047     3.000000000000    90.000000000000     0.004999999888     0.000010000000    -0.071505218744     1.000000000000     0.017332958058
    50.000000000000    50.000000000000     6.000000000000   500.000000000000    20.000000000000     3.000000000000    20.000000000000     4.000000000000  1000.000000000000     0.001000000047     3.000000000000    90.000000000000     0.004999999888     0.000010000000    -0.119175344706     1.000000000000     0.004477043170
   335.000000000000    25.000000000000     4.000000000000  1000.000000000000    20.000000000000     3.000000000000    20.000000000000     4.000000000000  1000.000000000000     0.001000000047     3.000000000000    90.000000000000     0.004999999888     0.000010000000     0.014510769397     1.000000000000    23.121604919434
   335.000000000000    25.000000000000     6.000000000000  1000.000000000000    20.000000000000     3.000000000000    20.000000000000     4.000000000000  1000.000000000000     0.001000000047     3.000000000000    90.000000000000     0.004999999888     0.000010000000     0.015184614807     1.000000000000    18.247905731201
    25.000000000000    25.000000000000     4.000000000000  1000.000000000000    20.000000000000     3.000000000000    20.000000000000     4.000000000000  1000.000000000000     0.001000000047     3.000000000000    90.000000000000     0.004999999888     0.000010000000    -0.027978463098     1.000000000000     0.120509155095
    25.000000000000    25.000000000000     6.000000000000  1000.000000000000    20.000000000000     3.000000000000    20.000000000000     4.000000000000  1000.000000000000     0.001000000047     3.000000000000    90.000000000000     0.004999999888     0.000010000000    -0.046630769968     1.000000000000     0.044079482555
   310.000000000000    50.000000000000     4.000000000000  1000.000000000000    20.000000000000     3.000000000000    20.000000000000     4.000000000000  1000.000000000000     0.001000000047     3.000000000000    90.000000000000     0.004999999888     0.000010000000     0.022747389972     1.000000000000    26.660963058472
    50.000000000000    50.000000000000     4.000000000000  1000.000000000000    20.000000000000     3.000000000000    20.000000000000     4.000000000000  1000.000000000000     0.001000000047     3.000000000000    90.000000000000     0.004999999888     0.000010000000    -0.071505218744     1.000000000000     0.327038526535
    50.000000000000    50.000000000000     6.000000000000  1000.000000000000    20.000000000000     3.000000000000    20.000000000000     4.000000000000  1000.000000000000     0.001000000047     3.000000000000    90.000000000000     0.004999999888     0.000010000000    -0.119175344706     1.000000000000     0.100499585271
   335.000000000000    25.000000000000     4.000000000000  1500.000000000000    20.000000000000     3.000000000000    20.000000000000     4.000000000000  1000.000000000000     0.001000000047     3.000000000000    90.000000000000     0.004999999888     0.000010000000     0.014510769397     1.000000000000    30.086151123047
   335.000000000000    25.000000000000     6.000000000000  1500.000000000000    20.000000000000     3.000000000000    20.000000000000     4.000000000000  1000.000000000000     0.001000000047     3.000000000000    90.000000000000     0.004999999888     0.000010000000     0.015184614807     1.000000000000    24.179729461670
    25.000000000000    25.000000000000     4.000000000000  1500.000000000000    20.000000000000     3.000000000000    20.000000000000     4.000000000000  1000.000000000000     0.001000000047     3.000000000000    90.000000000000     0.004999999888     0.000010000000    -0.027978463098     1.000000000000     0.636128783226
    25.000000000000    25.000000000000     6.000000000000  1500.000000000000    20.000000000000     3.000000000000    20.000000000000     4.000000000000  1000.000000000000     0.001000000047     3.000000000000    90.000000000000     0.004999999888     0.000010000000    -0.046630769968     1.000000000000     0.242634892464
   310.000000000000    50.000000000000     4.000000000000  1500.000000000000    20.000000000000     3.000000000000    20.000000000000     4.000000000000  1000.000000000000     0.001000000047     3.000000000000    90.000000000000     0.004999999888     0.000010000000     0.022747389972     1.000000000000    32.786689758301
   310.000000000000    50.000000000000     6.000000000000  1500.000000000000    20.000000000000     3.000000000000    20.000000000000     4.000000000000  1000.000000000000     0.001000000047     3.000000000000    90.000000000000     0.004999999888     0.000010000000     0.023912325501     1.000000000000    27.149190902710
    50.000000000000    50.000000000000     4.000000000000  1500.000000000000    20.000000000000     3.000000000000    20.000000000000     4.000000000000  1000.000000000000     0.001000000047     3.000000000000    90.000000000000     0.004999999888     0.000010000000    -0.071505218744     1.000000000000     1.586188554764
    50.000000000000    50.000000000000     6.000000000000  1500.000000000000    20.000000000000     3.000000000000    20.000000000000     4.000000000000  1000.000000000000     0.001000000047     3.000000000000    90.000000000000     0.004999999888     0.000010000000    -0.119175344706     1.000000000000     0.544129788876
   335.000000000000    25.000000000000     4.000000000000  2000.000000000000    20.000000000000     3.000000000000    20.000000000000     4.000000000000  1000.000000000000     0.001000000047     3.000000000000    90.000000000000     0.004999999888     0.000010000000     0.014510769397     1.000000000000    28.888772964478
    25.000000000000    25.000000000000     4.000000000000  2000.000000000000    20.000000000000     3.000000000000    20.000000000000     4.000000000000  1000.000000000000     0.001000000047     3.000000000000    90.000000000000     0.004999999888     0.000010000000    -0.027978463098     1.000000000000     1.702088713646
    25.000000000000    25.000000000000     6.000000000000  2000.000000000000    20.000000000000     3.000000000000    20.000000000000     4.000000000000  1000.000000000000     0.001000000047     3.000000000000    90.000000000000     0.004999999888     0.000010000000    -0.046630769968     1.000000000000     0.650216460228
   310.000000000000    50.000000000000     4.000000000000  2000.000000000000    20.000000000000     3.000000000000    20.000000000000     4.000000000000  1000.000000000000     0.001000000047     3.000000000000    90.000000000000     0.004999999888     0.000010000000     0.022747389972     1.000000000000    26.890445709229
   310.000000000000    50.000000000000     6.000000000000  2000.000000000000    20.000000000000     3.000000000000    20.000000000000     4.000000000000  1000.000000000000     0.001000000047     3.000000000000    90.000000000000     0.004999999888     0.000010000000     0.023912325501     1.000000000000    21.029598236084
    50.000000000000    50.000000000000     4.000000000000  2000.000000000000    20.000000000000     3.000000000000    20.000000000000     4.000000000000  1000.000000000000     0.001000000047     3.000000000000    90.000000000000     0.004999999888     0.000010000000    -0.071505218744     1.000000000000     3.687600851059
    50.000000000000    50.000000000000     6.000000000000  2000.000000000000    20.000000000000     3.000000000000    20.000000000000     4.000000000000  1000.000000000000     0.001000000047     3.000000000000    90.000000000000     0.004999999888     0.000010000000    -0.119175344706     1.000000000000     1.643722057343
