   335.000000000000    25.000000000000     4.000000000000   500.000000000000     5.000000000000     3.000000000000    20.000000000000     4.000000000000  1000.000000000000     0.001000000047     3.000000000000    90.000000000000     0.004999999888     0.000010000000     0.014510769397     1.000000000000     4.249692440033
   335.000000000000    25.000000000000     6.000000000000   500.000000000000     5.000000000000     3.000000000000    20.000000000000     4.000000000000  1000.000000000000     0.001000000047     3.000000000000    90.000000000000     0.004999999888     0.000010000000     0.015184614807     1.000000000000     3.354616403580
    25.000000000000    25.000000000000     4.000000000000   500.000000000000     5.000000000000     3.000000000000    20.000000000000     4.000000000000  1000.000000000000     0.001000000047     3.000000000000    90.000000000000     0.004999999888     0.000010000000    -0.027978463098     1.000000000000     0.019552798942
    25.000000000000    25.000000000000     6.000000000000   500.000000000000     5.000000000000     3.000000000000    20.000000000000     4.000000000000  1000.000000000000     0.001000000047     3.000000000000    90.000000000000     0.004999999888     0.000010000000    -0.046630769968     1.000000000000     0.004074367229
   310.000000000000    50.000000000000     4.000000000000   500.000000000000     5.000000000000     3.000000000000    20.000000000000     4.000000000000  1000.000000000000     0.001000000047     3.000000000000    90.000000000000     0.004999999888     0.000010000000     0.022747389972     1.000000000000     4.798633098602
   310.000000000000    50.000000000000     6.000000000000   500.000000000000     5.000000000000     3.000000000000    20.000000000000     4.000000000000  1000.000000000000     0.001000000047     3.000000000000    90.000000000000     0.004999999888     0.000010000000     0.023912325501     1.000000000000     4.246932983398
    50.000000000000    50.000000000000     4.000000000000   500.000000000000     5.000000000000     3.000000000000    20.000000000000     4.000000000000  1000.000000000000     0.001000000047     3.000000000000    90.000000000000     0.004999999888     0.000010000000    -0.071505218744     1.000000000000     0.010517893359
    50.000000000000    50.000000000000     6.000000000000   500.000000000000     5.000000000000     3.000000000000    20.000000000000     4.000000000000  1000.000000000000     0.001000000047     3.000000000000    90.000000000000     0.004999999888     0.000010000000    -0.119175344706     1.000000000000     0.002067154739
   335.000000000000    25.000000000000     4.000000000000  1000.000000000000     5.000000000000     3.000000000000    20.000000000000     4.000000000000  1000.000000000000     0.001000000047     3.000000000000    90.000000000000     0.004999999888     0.000010000000     0.014510769397     1.000000000000    32.559642791748
   335.000000000000    25.000000000000     6.000000000000  1000.000000000000     5.000000000000     3.000000000000    20.000000000000     4.000000000000  1000.000000000000     0.001000000047     3.000000000000    90.000000000000     0.004999999888     0.000010000000     0.015184614807     1.000000000000    26.513162612915
    25.000000000000    25.000000000000     4.000000000000  1000.000000000000     5.000000000000     3.000000000000    20.000000000000     4.000000000000  1000.000000000000     0.001000000047     3.000000000000    90.000000000000     0.004999999888     0.000010000000    -0.027978463098     1.000000000000     0.344953536987
    25.000000000000    25.000000000000     6.000000000000  1000.000000000000     5.000000000000     3.000000000000    20.000000000000     4.000000000000  1000.000000000000     0.001000000047     3.000000000000    90.000000000000     0.004999999888     0.000010000000    -0.046630769968     1.000000000000     0.074638776481
   310.000000000000    50.000000000000     4.000000000000  1000.000000000000     5.000000000000     3.000000000000    20.000000000000     4.000000000000  1000.000000000000     0.001000000047     3.000000000000    90.000000000000     0.004999999888     0.000010000000     0.022747389972     1.000000000000    35.275199890137
   310.000000000000    50.000000000000     6.000000000000  1000.000000000000     5.000000000000     3.000000000000    20.000000000000     4.000000000000  1000.000000000000     0.001000000047     3.000000000000    90.000000000000     0.004999999888     0.000010000000     0.023912325501     1.000000000000    27.805629730225
    50.000000000000    50.000000000000     4.000000000000  1000.000000000000     5.000000000000     3.000000000000    20.000000000000     4.000000000000  1000.000000000000     0.001000000047     3.000000000000    90.000000000000     0.004999999888     0.000010000000    -0.071505218744     1.000000000000     0.205740079284
    50.000000000000    50.000000000000     6.000000000000  1000.000000000000     5.000000000000     3.000000000000    20.000000000000     4.000000000000  1000.000000000000     0.001000000047     3.000000000000    90.000000000000     0.004999999888     0.000010000000    -0.119175344706     1.000000000000     0.057462047786
   335.000000000000    25.000000000000     4.000000000000  1500.000000000000     5.000000000000     3.000000000000    20.000000000000     4.000000000000  1000.000000000000     0.001000000047     3.000000000000    90.000000000000     0.004999999888     0.000010000000     0.014510769397     1.000000000000    30.337862014771
   335.000000000000    25.000000000000     6.000000000000  1500.000000000000     5.000000000000     3.000000000000    20.000000000000     4.000000000000  1000.000000000000     0.001000000047     3.000000000000    90.000000000000     0.004999999888     0.000010000000     0.015184614807     1.000000000000    27.374080657959
    25.000000000000    25.000000000000     4.000000000000  1500.000000000000     5.000000000000     3.000000000000    20.000000000000     4.000000000000  1000.000000000000     0.001000000047     3.000000000000    90.000000000000     0.004999999888     0.000010000000    -0.027978463098     1.000000000000     0.331679403782
   310.000000000000    50.000000000000     4.000000000000  1500.000000000000     5.000000000000     3.000000000000    20.000000000000     4.000000000000  1000.000000000000     0.001000000047     3.000000000000    90.000000000000     0.004999999888     0.000010000000     0.022747389972     1.000000000000    29.000982284546
   310.000000000000    50.000000000000     6.000000000000  1500.000000000000     5.000000000000     3.000000000000    20.000000000000     4.000000000000  1000.000000000000     0.001000000047     3.000000000000    90.000000000000     0.004999999888     0.000010000000     0.023912325501     1.000000000000    23.255584716797
    50.000000000000    50.000000000000     4.000000000000  1500.000000000000     5.000000000000     3.000000000000    20.000000000000     4.000000000000  1000.000000000000     0.001000000047     3.000000000000    90.000000000000     0.004999999888     0.000010000000    -0.071505218744     1.000000000000     1.031928062439
    50.000000000000    50.000000000000     6.000000000000  1500.000000000000     5.000000000000     3.000000000000    20.000000000000     4.000000000000  1000.000000000000     0.001000000047     3.000000000000    90.000000000000     0.004999999888     0.000010000000    -0.119175344706     1.000000000000     0.340128481388
   335.000000000000    25.000000000000     4.000000000000  2000.000000000000     5.000000000000     3.000000000000    20.000000000000     4.000000000000  1000.000000000000     0.001000000047     3.000000000000    90.000000000000     0.004999999888     0.000010000000     0.014510769397     1.000000000000    32.668357849121
   335.000000000000    25.000000000000     6.000000000000  2000.000000000000     5.000000000000     3.000000000000    20.000000000000     4.000000000000  1000.000000000000     0.001000000047     3.000000000000    90.000000000000     0.004999999888     0.000010000000     0.015184614807     1.000000000000    39.235824584961
    25.000000000000    25.000000000000     4.000000000000  2000.000000000000     5.000000000000     3.000000000000    20.000000000000     4.000000000000  1000.000000000000     0.001000000047     3.000000000000    90.000000000000     0.004999999888     0.000010000000    -0.027978463098     1.000000000000     3.357900142670
   310.000000000000    50.000000000000     4.000000000000  2000.000000000000     5.000000000000     3.000000000000    20.000000000000     4.000000000000  1000.000000000000     0.001000000047     3.000000000000    90.000000000000     0.004999999888     0.000010000000     0.022747389972     1.000000000000    24.008150100708
   310.000000000000    50.000000000000     6.000000000000  2000.000000000000     5.000000000000     3.000000000000    20.000000000000     4.000000000000  1000.000000000000     0.001000000047     3.000000000000    90.000000000000     0.004999999888     0.000010000000     0.023912325501     1.000000000000    23.903760910034
    50.000000000000    50.000000000000     4.000000000000  2000.000000000000     5.000000000000     3.000000000000    20.000000000000     4.000000000000  1000.000000000000     0.001000000047     3.000000000000    90.000000000000     0.004999999888     0.000010000000    -0.071505218744     1.000000000000     2.944041728973
    50.000000000000    50.000000000000     6.000000000000  2000.000000000000     5.000000000000     3.000000000000    20.000000000000     4.000000000000  1000.000000000000     0.001000000047     3.000000000000    90.000000000000     0.004999999888     0.000010000000    -0.119175344706     1.000000000000     1.011594295502
   335.000000000000    25.000000000000     4.000000000000   500.000000000000    10.000000000000     3.000000000000    20.000000000000     4.000000000000  1000.000000000000     0.001000000047     3.000000000000    90.000000000000     0.004999999888     0.000010000000     0.014510769397     1.000000000000     4.291137218475
   335.000000000000    25.000000000000     6.000000000000   500.000000000000    10.000000000000     3.000000000000    20.000000000000     4.000000000000  1000.000000000000     0.001000000047     3.000000000000    90.000000000000     0.004999999888     0.000010000000     0.015184614807     1.000000000000     3.320120573044
    25.000000000000    25.000000000000     4.000000000000   500.000000000000    10.000000000000     3.000000000000    20.000000000000     4.000000000000  1000.000000000000     0.001000000047     3.000000000000    90.000000000000     0.004999999888     0.000010000000    -0.027978463098     1.000000000000     0.019043222070
    25.000000000000    25.000000000000     6.000000000000   500.000000000000    10.000000000000     3.000000000000    20.000000000000     4.000000000000  1000.000000000000     0.001000000047     3.000000000000    90.000000000000     0.004999999888     0.000010000000    -0.046630769968     1.000000000000     0.004087985028
   310.000000000000    50.000000000000     4.000000000000   500.000000000000    10.000000000000     3.000000000000    20.000000000000     4.000000000000  1000.000000000000     0.001000000047     3.000000000000    90.000000000000     0.004999999888     0.000010000000     0.022747389972     1.000000000000     4.844604015350
   310.000000000000    50.000000000000     6.000000000000   500.000000000000    10.000000000000     3.000000000000    20.000000000000     4.000000000000  1000.000000000000     0.001000000047     3.000000000000    90.000000000000     0.004999999888     0.000010000000     0.023912325501     1.000000000000     4.380655288696
    50.000000000000    50.000000000000     4.000000000000   500.000000000000    10.000000000000     3.000000000000    20.000000000000     4.000000000000  1000.000000000000     0.001000000047     3.000000000000    90.000000000000     0.004999999888     0.000010000000    -0.071505218744     1.000000000000     0.010581079870
    50.000000000000    50.000000000000     6.000000000000   500.000000000000    10.000000000000     3.000000000000    20.000000000000     4.000000000000  1000.000000000000     0.001000000047     3.000000000000    90.000000000000     0.004999999888     0.000010000000    -0.119175344706     1.000000000000     0.002164784819
   335.000000000000    25.000000000000     4.000000000000  1000.000000000000    10.000000000000     3.000000000000    20.000000000000     4.000000000000  1000.000000000000     0.001000000047     3.000000000000    90.000000000000     0.004999999888     0.000010000000     0.014510769397     1.000000000000    32.300735473633
   335.000000000000    25.000000000000     6.000000000000  1000.000000000000    10.000000000000     3.000000000000    20.000000000000     4.000000000000  1000.000000000000     0.001000000047     3.000000000000    90.000000000000     0.004999999888     0.000010000000     0.015184614807     1.000000000000    26.977771759033
    25.000000000000    25.000000000000     4.000000000000  1000.000000000000    10.000000000000     3.000000000000    20.000000000000     4.000000000000  1000.000000000000     0.001000000047     3.000000000000    90.000000000000     0.004999999888     0.000010000000    -0.027978463098     1.000000000000     0.324727505445
    25.000000000000    25.000000000000     6.000000000000  1000.000000000000    10.000000000000     3.000000000000    20.000000000000     4.000000000000  1000.000000000000     0.001000000047     3.000000000000    90.000000000000     0.004999999888     0.000010000000    -0.046630769968     1.000000000000     0.071543842554
   310.000000000000    50.000000000000     4.000000000000  1000.000000000000    10.000000000000     3.000000000000    20.000000000000     4.000000000000  1000.000000000000     0.001000000047     3.000000000000    90.000000000000     0.004999999888     0.000010000000     0.022747389972     1.000000000000    34.695461273193
   310.000000000000    50.000000000000     6.000000000000  1000.000000000000    10.000000000000     3.000000000000    20.000000000000     4.000000000000  1000.000000000000     0.001000000047     3.000000000000    90.000000000000     0.004999999888     0.000010000000     0.023912325501     1.000000000000    27.808660507202
    50.000000000000    50.000000000000     4.000000000000  1000.000000000000    10.000000000000     3.000000000000    20.000000000000     4.000000000000  1000.000000000000     0.001000000047     3.000000000000    90.000000000000     0.004999999888     0.000010000000    -0.071505218744     1.000000000000     0.204160273075
    50.000000000000    50.000000000000     6.000000000000  1000.000000000000    10.000000000000     3.000000000000    20.000000000000     4.000000000000  1000.000000000000     0.001000000047     3.000000000000    90.000000000000     0.004999999888     0.000010000000    -0.119175344706     1.000000000000     0.061270900071
   335.000000000000    25.000000000000     4.000000000000  1500.000000000000    10.000000000000     3.000000000000    20.000000000000     4.000000000000  1000.000000000000     0.001000000047     3.000000000000    90.000000000000     0.004999999888     0.000010000000     0.014510769397     1.000000000000    30.310451507568
   335.000000000000    25.000000000000     6.000000000000  1500.000000000000    10.000000000000     3.000000000000    20.000000000000     4.000000000000  1000.000000000000     0.001000000047     3.000000000000    90.000000000000     0.004999999888     0.000010000000     0.015184614807     1.000000000000    27.436733245850
    25.000000000000    25.000000000000     4.000000000000  1500.000000000000    10.000000000000     3.000000000000    20.000000000000     4.000000000000  1000.000000000000     0.001000000047     3.000000000000    90.000000000000     0.004999999888     0.000010000000    -0.027978463098     1.000000000000     1.561199665070
    25.000000000000    25.000000000000     6.000000000000  1500.000000000000    10.000000000000     3.000000000000    20.000000000000     4.000000000000  1000.000000000000     0.001000000047     3.000000000000    90.000000000000     0.004999999888     0.000010000000    -0.046630769968     1.000000000000     0.373660981655
   310.000000000000    50.000000000000     4.000000000000  1500.000000000000    10.000000000000     3.000000000000    20.000000000000     4.000000000000  1000.000000000000     0.001000000047     3.000000000000    90.000000000000     0.004999999888     0.000010000000     0.022747389972     1.000000000000    28.943408966064
   310.000000000000    50.000000000000     6.000000000000  1500.000000000000    10.000000000000     3.000000000000    20.000000000000     4.000000000000  1000.000000000000     0.001000000047     3.000000000000    90.000000000000     0.004999999888     0.000010000000     0.023912325501     1.000000000000    23.409358978271
    50.000000000000    50.000000000000     4.000000000000  1500.000000000000    10.000000000000     3.000000000000    20.000000000000     4.000000000000  1000.000000000000     0.001000000047     3.000000000000    90.000000000000     0.004999999888     0.000010000000    -0.071505218744     1.000000000000     1.076571822166
    50.000000000000    50.000000000000     6.000000000000  1500.000000000000    10.000000000000     3.000000000000    20.000000000000     4.000000000000  1000.000000000000     0.001000000047     3.000000000000    90.000000000000     0.004999999888     0.000010000000    -0.119175344706     1.000000000000     0.303808808327
   335.000000000000    25.000000000000     4.000000000000  2000.000000000000    10.000000000000     3.000000000000    20.000000000000     4.000000000000  1000.000000000000     0.001000000047     3.000000000000    90.000000000000     0.004999999888     0.000010000000     0.014510769397     1.000000000000    32.930473327637
   335.000000000000    25.000000000000     6.000000000000  2000.000000000000    10.000000000000     3.000000000000    20.000000000000     4.000000000000  1000.000000000000     0.001000000047     3.000000000000    90.000000000000     0.004999999888     0.000010000000     0.015184614807     1.000000000000    38.989391326904
    25.000000000000    25.000000000000     4.000000000000  2000.000000000000    10.000000000000     3.000000000000    20.000000000000     4.000000000000  1000.000000000000     0.001000000047     3.000000000000    90.000000000000     0.004999999888     0.000010000000    -0.027978463098     1.000000000000     3.334991455078
    25.000000000000    25.000000000000     6.000000000000  2000.000000000000    10.000000000000     3.000000000000    20.000000000000     4.000000000000  1000.000000000000     0.001000000047     3.000000000000    90.000000000000     0.004999999888     0.000010000000    -0.046630769968     1.000000000000     0.815176606178
   310.000000000000    50.000000000000     4.000000000000  2000.000000000000    10.000000000000     3.000000000000    20.000000000000     4.000000000000  1000.000000000000     0.001000000047     3.000000000000    90.000000000000     0.004999999888     0.000010000000     0.022747389972     1.000000000000    23.827161788940
   310.000000000000    50.000000000000     6.000000000000  2000.000000000000    10.000000000000     3.000000000000    20.000000000000     4.000000000000  1000.000000000000     0.001000000047     3.000000000000    90.000000000000     0.004999999888     0.000010000000     0.023912325501     1.000000000000    23.676544189453
    50.000000000000    50.000000000000     4.000000000000  2000.000000000000    10.000000000000     3.000000000000    20.000000000000     4.000000000000  1000.000000000000     0.001000000047     3.000000000000    90.000000000000     0.004999999888     0.000010000000    -0.071505218744     1.000000000000     2.931404352188
    50.000000000000    50.000000000000     6.000000000000  2000.000000000000    10.000000000000     3.000000000000    20.000000000000     4.000000000000  1000.000000000000     0.001000000047     3.000000000000    90.000000000000     0.004999999888     0.000010000000    -0.119175344706     1.000000000000     0.991347730160
   335.000000000000    25.000000000000     4.000000000000   500.000000000000    15.000000000000     3.000000000000    20.000000000000     4.000000000000  1000.000000000000     0.001000000047     3.000000000000    90.000000000000     0.004999999888     0.000010000000     0.014510769397     1.000000000000     4.248259067535
   335.000000000000    25.000000000000     6.000000000000   500.000000000000    15.000000000000     3.000000000000    20.000000000000     4.000000000000  1000.000000000000     0.001000000047     3.000000000000    90.000000000000     0.004999999888     0.000010000000     0.015184614807     1.000000000000     3.360779047012
    25.000000000000    25.000000000000     4.000000000000   500.000000000000    15.000000000000     3.000000000000    20.000000000000     4.000000000000  1000.000000000000     0.001000000047     3.000000000000    90.000000000000     0.004999999888     0.000010000000    -0.027978463098     1.000000000000     0.019832253456
    25.000000000000    25.000000000000     6.000000000000   500.000000000000    15.000000000000     3.000000000000    20.000000000000     4.000000000000  1000.000000000000     0.001000000047     3.000000000000    90.000000000000     0.004999999888     0.000010000000    -0.046630769968     1.000000000000     0.004055523314
   310.000000000000    50.000000000000     4.000000000000   500.000000000000    15.000000000000     3.000000000000    20.000000000000     4.000000000000  1000.000000000000     0.001000000047     3.000000000000    90.000000000000     0.004999999888     0.000010000000     0.022747389972     1.000000000000     4.891129970551
   310.000000000000    50.000000000000     6.000000000000   500.000000000000    15.000000000000     3.000000000000    20.000000000000     4.000000000000  1000.000000000000     0.001000000047     3.000000000000    90.000000000000     0.004999999888     0.000010000000     0.023912325501     1.000000000000     4.380424976349
    50.000000000000    50.000000000000     4.000000000000   500.000000000000    15.000000000000     3.000000000000    20.000000000000     4.000000000000  1000.000000000000     0.001000000047     3.000000000000    90.000000000000     0.004999999888     0.000010000000    -0.071505218744     1.000000000000     0.010381319560
    50.000000000000    50.000000000000     6.000000000000   500.000000000000    15.000000000000     3.000000000000    20.000000000000     4.000000000000  1000.000000000000     0.001000000047     3.000000000000    90.000000000000     0.004999999888     0.000010000000    -0.119175344706     1.000000000000     0.002052250085
   335.000000000000    25.000000000000     4.000000000000  1000.000000000000    15.000000000000     3.000000000000    20.000000000000     4.000000000000  1000.000000000000     0.001000000047     3.000000000000    90.000000000000     0.004999999888     0.000010000000     0.014510769397     1.000000000000    32.328548431396
   335.000000000000    25.000000000000     6.000000000000  1000.000000000000    15.000000000000     3.000000000000    20.000000000000     4.000000000000  1000.000000000000     0.001000000047     3.000000000000    90.000000000000     0.004999999888     0.000010000000     0.015184614807     1.000000000000    26.762176513672
    25.000000000000    25.000000000000     4.000000000000  1000.000000000000    15.000000000000     3.000000000000    20.000000000000     4.000000000000  1000.000000000000     0.001000000047     3.000000000000    90.000000000000     0.004999999888     0.000010000000    -0.027978463098     1.000000000000     0.330354928970
    25.000000000000    25.000000000000     6.000000000000  1000.000000000000    15.000000000000     3.000000000000    20.000000000000     4.000000000000  1000.000000000000     0.001000000047     3.000000000000    90.000000000000     0.004999999888     0.000010000000    -0.046630769968     1.000000000000     0.073951154947
   310.000000000000    50.000000000000     4.000000000000  1000.000000000000    15.000000000000     3.000000000000    20.000000000000     4.000000000000  1000.000000000000     0.001000000047     3.000000000000    90.000000000000     0.004999999888     0.000010000000     0.022747389972     1.000000000000    34.684967041016
   310.000000000000    50.000000000000     6.000000000000  1000.000000000000    15.000000000000     3.000000000000    20.000000000000     4.000000000000  1000.000000000000     0.001000000047     3.000000000000    90.000000000000     0.004999999888     0.000010000000     0.023912325501     1.000000000000    27.884866714478
    50.000000000000    50.000000000000     4.000000000000  1000.000000000000    15.000000000000     3.000000000000    20.000000000000     4.000000000000  1000.000000000000     0.001000000047     3.000000000000    90.000000000000     0.004999999888     0.000010000000    -0.071505218744     1.000000000000     0.211114317179
    50.000000000000    50.000000000000     6.000000000000  1000.000000000000    15.000000000000     3.000000000000    20.000000000000     4.000000000000  1000.000000000000     0.001000000047     3.000000000000    90.000000000000     0.004999999888     0.000010000000    -0.119175344706     1.000000000000     0.060039531440
   335.000000000000    25.000000000000     4.000000000000  1500.000000000000    15.000000000000     3.000000000000    20.000000000000     4.000000000000  1000.000000000000     0.001000000047     3.000000000000    90.000000000000     0.004999999888     0.000010000000     0.014510769397     1.000000000000    30.480728149414
   335.000000000000    25.000000000000     6.000000000000  1500.000000000000    15.000000000000     3.000000000000    20.000000000000     4.000000000000  1000.000000000000     0.001000000047     3.000000000000    90.000000000000     0.004999999888     0.000010000000     0.015184614807     1.000000000000    27.459020614624
    25.000000000000    25.000000000000     4.000000000000  1500.000000000000    15.000000000000     3.000000000000    20.000000000000     4.000000000000  1000.000000000000     0.001000000047     3.000000000000    90.000000000000     0.004999999888     0.000010000000    -0.027978463098     1.000000000000     1.503046274185
    25.000000000000    25.000000000000     6.000000000000  1500.000000000000    15.000000000000     3.000000000000    20.000000000000     4.000000000000  1000.000000000000     0.001000000047     3.000000000000    90.000000000000     0.004999999888     0.000010000000    -0.046630769968     1.000000000000     0.412144213915
   310.000000000000    50.000000000000     4.000000000000  1500.000000000000    15.000000000000     3.000000000000    20.000000000000     4.000000000000  1000.000000000000     0.001000000047     3.000000000000    90.000000000000     0.004999999888     0.000010000000     0.022747389972     1.000000000000    29.125619888306
   310.000000000000    50.000000000000     6.000000000000  1500.000000000000    15.000000000000     3.000000000000    20.000000000000     4.000000000000  1000.000000000000     0.001000000047     3.000000000000    90.000000000000     0.004999999888     0.000010000000     0.023912325501     1.000000000000    23.519851684570
    50.000000000000    50.000000000000     4.000000000000  1500.000000000000    15.000000000000     3.000000000000    20.000000000000     4.000000000000  1000.000000000000     0.001000000047     3.000000000000    90.000000000000     0.004999999888     0.000010000000    -0.071505218744     1.000000000000     1.073871374130
    50.000000000000    50.000000000000     6.000000000000  1500.000000000000    15.000000000000     3.000000000000    20.000000000000     4.000000000000  1000.000000000000     0.001000000047     3.000000000000    90.000000000000     0.004999999888     0.000010000000    -0.119175344706     1.000000000000     0.314591079950
   335.000000000000    25.000000000000     4.000000000000  2000.000000000000    15.000000000000     3.000000000000    20.000000000000     4.000000000000  1000.000000000000     0.001000000047     3.000000000000    90.000000000000     0.004999999888     0.000010000000     0.014510769397     1.000000000000    32.831253051758
   335.000000000000    25.000000000000     6.000000000000  2000.000000000000    15.000000000000     3.000000000000    20.000000000000     4.000000000000  1000.000000000000     0.001000000047     3.000000000000    90.000000000000     0.004999999888     0.000010000000     0.015184614807     1.000000000000    39.169830322266
    25.000000000000    25.000000000000     4.000000000000  2000.000000000000    15.000000000000     3.000000000000    20.000000000000     4.000000000000  1000.000000000000     0.001000000047     3.000000000000    90.000000000000     0.004999999888     0.000010000000    -0.027978463098     1.000000000000     3.412143945694
    25.000000000000    25.000000000000     6.000000000000  2000.000000000000    15.000000000000     3.000000000000    20.000000000000     4.000000000000  1000.000000000000     0.001000000047     3.000000000000    90.000000000000     0.004999999888     0.000010000000    -0.046630769968     1.000000000000     0.749352455139
   310.000000000000    50.000000000000     4.000000000000  2000.000000000000    15.000000000000     3.000000000000    20.000000000000     4.000000000000  1000.000000000000     0.001000000047     3.000000000000    90.000000000000     0.004999999888     0.000010000000     0.022747389972     1.000000000000    23.935853958130
   310.000000000000    50.000000000000     6.000000000000  2000.000000000000    15.000000000000     3.000000000000    20.000000000000     4.000000000000  1000.000000000000     0.001000000047     3.000000000000    90.000000000000     0.004999999888     0.000010000000     0.023912325501     1.000000000000    23.880426406860
    50.000000000000    50.000000000000     4.000000000000  2000.000000000000    15.000000000000     3.000000000000    20.000000000000     4.000000000000  1000.000000000000     0.001000000047     3.000000000000    90.000000000000     0.004999999888     0.000010000000    -0.071505218744     1.000000000000     2.892285823822
    50.000000000000    50.000000000000     6.000000000000  2000.000000000000    15.000000000000     3.000000000000    20.000000000000     4.000000000000  1000.000000000000     0.001000000047     3.000000000000    90.000000000000     0.004999999888     0.000010000000    -0.119175344706     1.000000000000     0.980266451836
   335.000000000000    25.000000000000     4.000000000000   500.000000000000    20.000000000000     3.000000000000    20.000000000000     4.000000000000  1000.000000000000     0.001000000047     3.000000000000    90.000000000000     0.004999999888     0.000010000000     0.014510769397     1.000000000000     4.280519485474
   335.000000000000    25.000000000000     6.000000000000   500.000000000000    20.000000000000     3.000000000000    20.000000000000     4.000000000000  1000.000000000000     0.001000000047     3.000000000000    90.000000000000     0.004999999888     0.000010000000     0.015184614807     1.000000000000     3.304048776627
    25.000000000000    25.000000000000     4.000000000000   500.000000000000    20.000000000000     3.000000000000    20.000000000000     4.000000000000  1000.000000000000     0.001000000047     3.000000000000    90.000000000000     0.004999999888     0.000010000000    -0.027978463098     1.000000000000     0.019762786105
    25.000000000000    25.000000000000     6.000000000000   500.000000000000    20.000000000000     3.000000000000    20.000000000000     4.000000000000  1000.000000000000     0.001000000047     3.000000000000    90.000000000000     0.004999999888     0.000010000000    -0.046630769968     1.000000000000     0.004495355766
   310.000000000000    50.000000000000     4.000000000000   500.000000000000    20.000000000000     3.000000000000    20.000000000000     4.000000000000  1000.000000000000     0.001000000047     3.000000000000    90.000000000000     0.004999999888     0.000010000000     0.022747389972     1.000000000000     4.777782917023
   310.000000000000    50.000000000000     6.000000000000   500.000000000000    20.000000000000     3.000000000000    20.000000000000     4.000000000000  1000.000000000000     0.001000000047     3.000000000000    90.000000000000     0.004999999888     0.000010000000     0.023912325501     1.000000000000     4.245673179626
    50.000000000000    50.000000000000     4.000000000000   500.000000000000    20.000000000000     3.000000000000    20.000000000000     4.000000000000  1000.000000000000     0.001000000047     3.000000000000    90.000000000000     0.004999999888     0.000010000000    -0.071505218744     1.000000000000     0.008780304343
    50.000000000000    50.000000000000     6.000000000000   500.000000000000    20.000000000000     3.000000000000    20.000000000000     4.000000000000  1000.000000000000     0.001000000047     3.000000000000    90.000000000000     0.004999999888     0.000010000000    -0.119175344706     1.000000000000     0.002332570264
   335.000000000000    25.000000000000     4.000000000000  1000.000000000000    20.000000000000     3.000000000000    20.000000000000     4.000000000000  1000.000000000000     0.001000000047     3.000000000000    90.000000000000     0.004999999888     0.000010000000     0.014510769397     1.000000000000    32.295261383057
   335.000000000000    25.000000000000     6.000000000000  1000.000000000000    20.000000000000     3.000000000000    20.000000000000     4.000000000000  1000.000000000000     0.001000000047     3.000000000000    90.000000000000     0.004999999888     0.000010000000     0.015184614807     1.000000000000    26.808031082153
    25.000000000000    25.000000000000     4.000000000000  1000.000000000000    20.000000000000     3.000000000000    20.000000000000     4.000000000000  1000.000000000000     0.001000000047     3.000000000000    90.000000000000     0.004999999888     0.000010000000    -0.027978463098     1.000000000000     0.345341354609
    25.000000000000    25.000000000000     6.000000000000  1000.000000000000    20.000000000000     3.000000000000    20.000000000000     4.000000000000  1000.000000000000     0.001000000047     3.000000000000    90.000000000000     0.004999999888     0.000010000000    -0.046630769968     1.000000000000     0.083557941020
   310.000000000000    50.000000000000     4.000000000000  1000.000000000000    20.000000000000     3.000000000000    20.000000000000     4.000000000000  1000.000000000000     0.001000000047     3.000000000000    90.000000000000     0.004999999888     0.000010000000     0.022747389972     1.000000000000    34.982460021973
   310.000000000000    50.000000000000     6.000000000000  1000.000000000000    20.000000000000     3.000000000000    20.000000000000     4.000000000000  1000.000000000000     0.001000000047     3.000000000000    90.000000000000     0.004999999888     0.000010000000     0.023912325501     1.000000000000    27.922540664673
    50.000000000000    50.000000000000     4.000000000000  1000.000000000000    20.000000000000     3.000000000000    20.000000000000     4.000000000000  1000.000000000000     0.001000000047     3.000000000000    90.000000000000     0.004999999888     0.000010000000    -0.071505218744     1.000000000000     0.211741507053
    50.000000000000    50.000000000000     6.000000000000  1000.000000000000    20.000000000000     3.000000000000    20.000000000000     4.000000000000  1000.000000000000     0.001000000047     3.000000000000    90.000000000000     0.004999999888     0.000010000000    -0.119175344706     1.000000000000     0.059964600950
   335.000000000000    25.000000000000     4.000000000000  1500.000000000000    20.000000000000     3.000000000000    20.000000000000     4.000000000000  1000.000000000000     0.001000000047     3.000000000000    90.000000000000     0.004999999888     0.000010000000     0.014510769397     1.000000000000    30.509462356567
   335.000000000000    25.000000000000     6.000000000000  1500.000000000000    20.000000000000     3.000000000000    20.000000000000     4.000000000000  1000.000000000000     0.001000000047     3.000000000000    90.000000000000     0.004999999888     0.000010000000     0.015184614807     1.000000000000    27.638847351074
    25.000000000000    25.000000000000     4.000000000000  1500.000000000000    20.000000000000     3.000000000000    20.000000000000     4.000000000000  1000.000000000000     0.001000000047     3.000000000000    90.000000000000     0.004999999888     0.000010000000    -0.027978463098     1.000000000000     1.586913704872
    25.000000000000    25.000000000000     6.000000000000  1500.000000000000    20.000000000000     3.000000000000    20.000000000000     4.000000000000  1000.000000000000     0.001000000047     3.000000000000    90.000000000000     0.004999999888     0.000010000000    -0.046630769968     1.000000000000     0.351459890604
   310.000000000000    50.000000000000     4.000000000000  1500.000000000000    20.000000000000     3.000000000000    20.000000000000     4.000000000000  1000.000000000000     0.001000000047     3.000000000000    90.000000000000     0.004999999888     0.000010000000     0.022747389972     1.000000000000    29.112712860107
   310.000000000000    50.000000000000     6.000000000000  1500.000000000000    20.000000000000     3.000000000000    20.000000000000     4.000000000000  1000.000000000000     0.001000000047     3.000000000000    90.000000000000     0.004999999888     0.000010000000     0.023912325501     1.000000000000    23.456115722656
    50.000000000000    50.000000000000     4.000000000000  1500.000000000000    20.000000000000     3.000000000000    20.000000000000     4.000000000000  1000.000000000000     0.001000000047     3.000000000000    90.000000000000     0.004999999888     0.000010000000    -0.071505218744     1.000000000000     1.067824959755
    50.000000000000    50.000000000000     6.000000000000  1500.000000000000    20.000000000000     3.000000000000    20.000000000000     4.000000000000  1000.000000000000     0.001000000047     3.000000000000    90.000000000000     0.004999999888     0.000010000000    -0.119175344706     1.000000000000     0.323894232512
   335.000000000000    25.000000000000     4.000000000000  2000.000000000000    20.000000000000     3.000000000000    20.000000000000     4.000000000000  1000.000000000000     0.001000000047     3.000000000000    90.000000000000     0.004999999888     0.000010000000     0.014510769397     1.000000000000    32.769207000732
   335.000000000000    25.000000000000     6.000000000000  2000.000000000000    20.000000000000     3.000000000000    20.000000000000     4.000000000000  1000.000000000000     0.001000000047     3.000000000000    90.000000000000     0.004999999888     0.000010000000     0.015184614807     1.000000000000    39.418796539307
    25.000000000000    25.000000000000     4.000000000000  2000.000000000000    20.000000000000     3.000000000000    20.000000000000     4.000000000000  1000.000000000000     0.001000000047     3.000000000000    90.000000000000     0.004999999888     0.000010000000    -0.027978463098     1.000000000000     3.353877544403
    25.000000000000    25.000000000000     6.000000000000  2000.000000000000    20.000000000000     3.000000000000    20.000000000000     4.000000000000  1000.000000000000     0.001000000047     3.000000000000    90.000000000000     0.004999999888     0.000010000000    -0.046630769968     1.000000000000     0.839756548405
   310.000000000000    50.000000000000     4.000000000000  2000.000000000000    20.000000000000     3.000000000000    20.000000000000     4.000000000000  1000.000000000000     0.001000000047     3.000000000000    90.000000000000     0.004999999888     0.000010000000     0.022747389972     1.000000000000    23.573940277100
   310.000000000000    50.000000000000     6.000000000000  2000.000000000000    20.000000000000     3.000000000000    20.000000000000     4.000000000000  1000.000000000000     0.001000000047     3.000000000000    90.000000000000     0.004999999888     0.000010000000     0.023912325501     1.000000000000    23.717168807983
    50.000000000000    50.000000000000     4.000000000000  2000.000000000000    20.000000000000     3.000000000000    20.000000000000     4.000000000000  1000.000000000000     0.001000000047     3.000000000000    90.000000000000     0.004999999888     0.000010000000    -0.071505218744     1.000000000000     2.974808454514
    50.000000000000    50.000000000000     6.000000000000  2000.000000000000    20.000000000000     3.000000000000    20.000000000000     4.000000000000  1000.000000000000     0.001000000047     3.000000000000    90.000000000000     0.004999999888     0.000010000000    -0.119175344706     1.000000000000     0.984147310257
